name: institutional_competition_gpu_env
channels:
  - conda-forge
  - defaults
dependencies:
  - bzip2=1.0.8=h2bbff1b_6
  - ca-certificates=2024.12.31=haa95532_0
  - cuda-version=11.8=h70ddcb2_3
  - cudatoolkit=11.8.0=h09e9e62_13
  - cupy=13.3.0=py312h7c28733_2
  - cupy-core=13.3.0=py312h5b11f8c_2
  - expat=2.6.4=h8ddb27b_0
  - fastrlock=0.8.3=py312h4023b64_1
  - filelock=3.16.1=pyhd8ed1ab_1
  - fsspec=2024.12.0=pyhd8ed1ab_0
  - intel-openmp=2024.2.1=h57928b3_1083
  - jinja2=3.1.5=pyhd8ed1ab_0
  - libabseil=20240722.0=cxx17_h4eb7d71_4
  - libblas=3.9.0=26_win64_mkl
  - libcblas=3.9.0=26_win64_mkl
  - libexpat=2.6.4=he0c23c2_0
  - libffi=3.4.4=hd77b12b_1
  - libhwloc=2.11.2=default_ha69328c_1001
  - libiconv=1.17=hcfcfb64_2
  - liblapack=3.9.0=26_win64_mkl
  - liblzma=5.6.3=h2466b09_1
  - libprotobuf=5.28.3=h8309712_1
  - libsqlite=3.48.0=h67fdade_0
  - libtorch=2.5.1=cpu_mkl_hbbd3bdd_109
  - libuv=1.50.0=h2466b09_0
  - libwinpthread=12.0.0.r4.gg4f2fc60ca=h57928b3_9
  - libxml2=2.13.5=he286e8c_1
  - libzlib=1.3.1=h2466b09_2
  - markupsafe=3.0.2=py312h31fea79_1
  - mkl=2024.2.2=h66d3029_15
  - mpmath=1.3.0=pyhd8ed1ab_1
  - networkx=3.4.2=pyh267e887_2
  - numpy=2.2.2=py312h3150e54_0
  - openssl=3.4.0=ha4e3fda_1
  - pip=24.2=py312haa95532_0
  - python=3.12.8=h3f84c4b_1_cpython
  - python_abi=3.12=5_cp312
  - pytorch=2.5.1=cpu_mkl_py312_h71c54e9_109
  - scipy=1.15.1=py312h928f2a1_0
  - setuptools=75.1.0=py312haa95532_0
  - sleef=3.7=h7e360cc_2
  - sqlite=3.45.3=h2bbff1b_0
  - sympy=1.13.3=pyh04b8f61_5
  - tbb=2021.13.0=h62715c5_1
  - tk=8.6.13=h5226925_1
  - typing_extensions=4.12.2=pyha770c72_1
  - tzdata=2024b=h04d1e81_0
  - ucrt=10.0.22621.0=h57928b3_1
  - vc=14.40=haa95532_2
  - vc14_runtime=14.42.34433=he29a5d6_23
  - vs2015_runtime=14.42.34433=hdffcdeb_23
  - wheel=0.44.0=py312haa95532_0
  - xz=5.4.6=h8cc25b3_1
  - zlib=1.3.1=h2466b09_2
prefix: C:\Users\csong\.conda\envs\institutional_competition_gpu_env
