pct_total,game_mode,win_value_underdog,blind_combo_0,blind_combo_1,level_0,level_1,lognormal,pct_high_mean,high_low_ratio_mean,high_low_ratio_variance,mean_variance_ratio,pct_high_sigma,0,1,2,3,4,5,6,7,8,9,10,11,12,13,14,15,16,17,18,19,20,21,22,23,24,25,26,27,28,29,30,31,32,33,34,35,36,37,38,39,40,41,42,43,44,45,46,47,48,49,50,51,52,53,54,55,56,57,58,59,60,61,62,63,64,65,66,67,68,69,70,71,72,73,74,75,76,77,78,79,80,81,82,83,84,85,86,87,88,89,90,91,92,93,94,95,96,97,98,99,100,101,102,103,104,105,106,107,108,109,110,111,112,113,114,115,116,117,118,119,120,121,122,123,124,125,126,127,128,129,130,131,132,133,134,135,136,137,138,139,140,141,142,143,144,145,146,147,148,149,150,151,152,153,154,155,156,157,158,159,160,161,162,163,164,165,166,167,168,169,170,171,172,173,174,175,176,177,178,179,180,181,182,183,184,185,186,187,188,189,190,191,192,193,194,195,196,197,198,199,200,mean,std
1.01,expected,0.25,False,False,100,0,normal,0.2,2.0,1.2,0.5,0.1,0.1189493057058816,0.12657031959176396,0.13419133347764634,0.1418123473635287,0.14943336124941106,0.15705437513529344,0.1646753890211758,0.17229640290705817,0.17991741679294054,0.18753843067882292,0.1951594445647053,0.20278045845058765,0.21040147233647,0.21802248622235237,0.22564350010823475,0.23326451399411713,0.2408855278799995,0.24850654176588188,0.2561275556517642,0.2637485695376466,0.27136958342352896,0.27899059730941134,0.2866116111952937,0.2942326250811761,0.3018536389670584,0.3094746528529408,0.31709566673882317,0.32471668062470554,0.3323376945105879,0.3399587083964703,0.3475797222823527,0.355200736168235,0.3628217500541174,0.37044276393999975,0.37806377782588213,0.3856847917117645,0.39330580559764683,0.4009268194835292,0.4085478333694116,0.41616884725529396,0.42378986114117634,0.4314108750270587,0.43903188891294104,0.4466529027988234,0.4542739166847058,0.46189493057058817,0.46951594445647055,0.4771369583423529,0.48475797222823525,0.4923789861141176,0.5,0.5076210138858824,0.5152420277717648,0.5228630416576472,0.5304840555435295,0.5381050694294118,0.5457260833152943,0.5533470972011766,0.560968111087059,0.5685891249729413,0.5762101388588238,0.5838311527447061,0.5914521666305884,0.5990731805164708,0.6066941944023532,0.6143152082882356,0.6219362221741179,0.6295572360600002,0.6371782499458827,0.644799263831765,0.6524202777176474,0.6600412916035298,0.6676623054894121,0.6752833193752945,0.6829043332611768,0.6905253471470593,0.6981463610329416,0.7057673749188239,0.7133883888047063,0.7210094026905887,0.7286304165764711,0.7362514304623534,0.7438724443482359,0.7514934582341182,0.7591144721200005,0.7667354860058829,0.7743564998917652,0.7819775137776477,0.78959852766353,0.7972195415494124,0.8048405554352948,0.8124615693211771,0.8200825832070595,0.8277035970929418,0.8353246109788243,0.8429456248647066,0.8505666387505889,0.8581876526364713,0.8658086665223537,0.8734296804082361,0.8810506942941184,0.0524864546882646,0.026243227344132255,0.013121613672066127,0.06560806836033087,0.026243227344132255,0.02624322734413235,0.03936484101619838,0.03936484101619838,0.03936484101619838,0.13121613672066126,0.03936484101619852,0.11809452304859558,0.03936484101619838,0.1968242050809919,0.2886755007854548,0.20994581875305804,0.2886755007854548,0.40677002383405286,0.3542835691457854,0.5642293878988435,0.5248645468826451,0.6823239109474386,0.4854997058664467,0.8004184339960396,0.826661661340166,0.826661661340166,0.9316345707166949,1.1022155484535545,1.3384045945507448,0.9972426390770255,1.66644493635241,1.3646478218948772,1.8501475277613237,1.8239043004171915,1.8763907551054562,2.0863365738585293,2.112579801202646,2.6243227344132256,2.7424172574618204,2.5062282113646304,2.91299823519868,3.070457599263496,3.004849530903143,3.122944053951738,3.293525031688598,3.739659896538846,3.4509843957533914,3.7921463512271383,3.372254713720994,3.713416669194714,3.713416669194687,3.372254713721019,3.7921463512270828,3.4509843957534163,3.739659896538873,3.293525031688574,3.122944053951761,3.004849530903121,3.070457599263496,2.9129982351986587,2.5062282113646486,2.7424172574618404,2.624322734413206,2.1125798012026618,2.0863365738584987,1.8763907551054697,1.823904300417205,1.8501475277613102,1.364647821894887,1.6664449363523859,0.9972426390770328,1.3384045945507548,1.1022155484535465,0.9316345707167019,0.8266616613401601,0.826661661340172,0.8004184339960396,0.48549970586644314,0.6823239109474435,0.5248645468826412,0.5642293878988476,0.35428356914578285,0.40677002383405286,0.2886755007854569,0.20994581875305648,0.2886755007854569,0.19682420508099047,0.039364841016198665,0.11809452304859429,0.039364841016198665,0.1312161367206622,0.03936484101619809,0.039364841016198665,0.03936484101619809,0.026243227344132446,0.026243227344132446,0.06560806836033015,0.013121613672066223,0.02624322734413206,0.05248645468826489,0.5,0.11252891393467503
1.01,expected,0.25,False,False,100,0,normal,0.2,2.0,1.2,0.5,0.2,4.2972848599061476e-13,0.010000000000421136,0.020000000000412542,0.03000000000040395,0.04000000000039535,0.050000000000386756,0.06000000000037817,0.07000000000036957,0.08000000000036098,0.09000000000035238,0.10000000000034379,0.11000000000033519,0.12000000000032661,0.13000000000031803,0.14000000000030943,0.15000000000030084,0.16000000000029224,0.17000000000028365,0.18000000000027505,0.19000000000026646,0.20000000000025786,0.21000000000024927,0.22000000000024067,0.23000000000023207,0.2400000000002235,0.2500000000002149,0.2600000000002063,0.2700000000001977,0.2800000000001891,0.2900000000001805,0.3000000000001719,0.3100000000001633,0.3200000000001547,0.3300000000001461,0.3400000000001375,0.35000000000012893,0.36000000000012033,0.37000000000011174,0.38000000000010314,0.39000000000009455,0.40000000000008595,0.41000000000007736,0.42000000000006876,0.43000000000006017,0.44000000000005157,0.450000000000043,0.4600000000000344,0.4700000000000258,0.48000000000001725,0.49000000000000865,0.5000000000000001,0.5099999999999915,0.5199999999999829,0.5299999999999743,0.5399999999999657,0.5499999999999571,0.5599999999999485,0.5699999999999399,0.5799999999999313,0.5899999999999227,0.5999999999999142,0.6099999999999055,0.619999999999897,0.6299999999998883,0.6399999999998798,0.6499999999998712,0.6599999999998626,0.669999999999854,0.6799999999998454,0.6899999999998369,0.6999999999998282,0.7099999999998197,0.719999999999811,0.7299999999998025,0.7399999999997938,0.7499999999997853,0.7599999999997766,0.7699999999997681,0.7799999999997594,0.7899999999997509,0.7999999999997423,0.8099999999997337,0.8199999999997251,0.8299999999997165,0.8399999999997079,0.8499999999996993,0.8599999999996907,0.8699999999996821,0.8799999999996735,0.889999999999665,0.8999999999996563,0.9099999999996478,0.9199999999996391,0.9299999999996306,0.9399999999996219,0.9499999999996134,0.9599999999996048,0.9699999999995962,0.9799999999995876,0.989999999999579,0.9999999999995703,0.010000000000008594,0.0,0.0,0.0,0.0,0.0,0.0,0.0,0.010000000000008594,0.030000000000025784,0.010000000000008594,0.020000000000017164,0.0,0.030000000000025784,0.020000000000017188,0.05000000000004298,0.07000000000006017,0.030000000000025784,0.13000000000011172,0.09000000000007735,0.11000000000009454,0.24000000000020627,0.1800000000001547,0.24000000000020563,0.3800000000003277,0.38000000000032663,0.5100000000004383,0.5400000000004641,0.6800000000005845,0.6700000000005759,0.7800000000006705,0.940000000000808,1.1000000000009456,1.5000000000012892,1.4700000000012634,1.7400000000014957,1.6000000000013754,2.0100000000017277,2.270000000001951,2.330000000002003,2.3100000000019856,2.620000000002252,2.8000000000024063,3.1100000000026733,2.8600000000024584,3.170000000002725,3.4600000000029736,3.0300000000025875,3.2400000000027847,3.230000000002758,3.230000000002794,3.240000000002767,3.0300000000026213,3.460000000002955,3.170000000002742,2.8600000000024424,3.11000000000269,2.8000000000023912,2.6200000000022663,2.3100000000019727,2.330000000002016,2.2700000000019385,2.010000000001739,1.6000000000013663,1.7400000000014857,1.4700000000012716,1.500000000001281,1.1000000000009515,0.9400000000008027,0.7800000000006747,0.6700000000005721,0.6800000000005882,0.5400000000004611,0.5100000000004412,0.3800000000003245,0.38000000000032874,0.24000000000020497,0.1800000000001557,0.24000000000020497,0.11000000000009516,0.09000000000007687,0.13000000000011247,0.03000000000002562,0.07000000000006056,0.0500000000000427,0.020000000000017303,0.03000000000002562,0.0,0.020000000000017077,0.010000000000008651,0.03000000000002562,0.010000000000008651,0.0,0.0,0.0,0.0,0.0,0.0,0.0,0.010000000000008651,0.5,0.11795046382440184
1.01,expected,0.25,False,False,100,0,normal,0.2,2.0,1.2,0.5,0.3,0.10241867343087152,0.11037029996225409,0.11832192649363667,0.12627355302501925,0.1342251795564018,0.14217680608778438,0.15012843261916695,0.1580800591505495,0.1660316856819321,0.17398331221331464,0.18193493874469724,0.1898865652760798,0.19783819180746237,0.20578981833884497,0.2137414448702275,0.2216930714016101,0.22964469793299266,0.23759632446437523,0.2455479509957578,0.25349957752714036,0.26145120405852296,0.26940283058990555,0.2773544571212881,0.28530608365267063,0.2932577101840532,0.3012093367154358,0.3091609632468184,0.31711258977820095,0.3250642163095835,0.3330158428409661,0.3409674693723487,0.34891909590373127,0.3568707224351138,0.3648223489664964,0.37277397549787894,0.38072560202926153,0.3886772285606441,0.39662885509202667,0.40458048162340926,0.4125321081547918,0.4204837346861744,0.42843536121755693,0.4363869877489395,0.4443386142803221,0.45229024081170466,0.46024186734308725,0.4681934938744698,0.4761451204058524,0.4840967469372349,0.4920483734686175,0.5000000000000001,0.5079516265313826,0.5159032530627652,0.5238548795941478,0.5318065061255304,0.539758132656913,0.5477097591882956,0.5556613857196782,0.5636130122510606,0.5715646387824432,0.5795162653138258,0.5874678918452083,0.5954195183765909,0.6033711449079735,0.6113227714393561,0.6192743979707387,0.6272260245021213,0.6351776510335038,0.6431292775648864,0.651080904096269,0.6590325306276515,0.6669841571590341,0.6749357836904166,0.6828874102217992,0.6908390367531818,0.6987906632845644,0.706742289815947,0.7146939163473295,0.7226455428787121,0.7305971694100947,0.7385487959414773,0.7465004224728599,0.7544520490042423,0.7624036755356249,0.7703553020670075,0.7783069285983901,0.7862585551297727,0.7942101816611552,0.8021618081925378,0.8101134347239204,0.818065061255303,0.8260166877866856,0.8339683143180681,0.8419199408494507,0.8498715673808332,0.8578231939122158,0.8657748204435983,0.8737264469749809,0.8816780735063635,0.8896297000377461,0.8975813265691286,0.025152086709638963,0.0,0.050304173419277835,0.012576043354819481,0.050304173419277926,0.025152086709638963,0.1257604335481948,0.025152086709638873,0.1006083468385562,0.07545626012891662,0.1257604335481948,0.10060834683855585,0.1383364769030138,0.2012166936771124,0.1383364769030138,0.2766729538060286,0.3521292139349455,0.28924899716084806,0.4275854740638623,0.35212921393494423,0.4275854740638609,0.7042584278698935,0.7168344712247129,0.7168344712247079,0.6539542544506107,0.691682384515069,0.9557792949662839,1.006083468385562,1.0563876418048326,1.3079085089012215,1.383364769030138,1.7103418962554555,1.5468533326427907,1.8361023298036507,2.0373190234807486,1.9367106766422069,2.2762638472223182,2.288839890577137,2.565512844383183,2.791881624769915,2.4020242807705294,2.879913928253651,3.1817389687693174,3.206891055478979,3.3829556624464283,3.1943150121241595,3.6847807029620947,3.1943150121241595,2.7415774513506372,3.508716095994623,3.508716095994672,2.7415774513506372,3.1943150121241373,3.6847807029620947,3.1943150121241373,3.3829556624464283,3.2068910554789563,3.181738968769362,2.879913928253651,2.402024280770512,2.791881624769954,2.565512844383165,2.288839890577137,2.2762638472223182,1.9367106766421933,2.0373190234807486,1.8361023298036634,1.5468533326427907,1.7103418962554435,1.383364769030138,1.3079085089012215,1.0563876418048475,1.006083468385555,0.9557792949662771,0.691682384515069,0.6539542544506107,0.7168344712247179,0.7168344712247079,0.7042584278698885,0.4275854740638609,0.35212921393494423,0.42758547406386677,0.28924899716084707,0.35212921393494423,0.2766729538060276,0.1383364769030138,0.20121669367711378,0.1383364769030138,0.10060834683855549,0.12576043354819438,0.07545626012891662,0.10060834683855689,0.025152086709638873,0.12576043354819438,0.025152086709638873,0.050304173419278446,0.012576043354819436,0.050304173419277745,0.0,0.025152086709639223,0.5,0.11859145351245283
1.01,expected,0.25,False,False,100,0,normal,0.2,2.0,1.2,0.5,0.4,0.10065433294978088,0.10864124629078525,0.11662815963178964,0.12461507297279403,0.1326019863137984,0.14058889965480278,0.1485758129958072,0.15656272633681156,0.16454963967781594,0.17253655301882032,0.1805234663598247,0.1885103797008291,0.19649729304183347,0.20448420638283785,0.21247111972384225,0.22045803306484663,0.228444946405851,0.23643185974685538,0.24441877308785975,0.2524056864288642,0.2603925997698685,0.26837951311087294,0.2763664264518773,0.2843533397928817,0.29234025313388606,0.30032716647489044,0.3083140798158948,0.3163009931568992,0.3242879064979036,0.33227481983890794,0.3402617331799124,0.34824864652091675,0.3562355598619211,0.3642224732029255,0.3722093865439299,0.38019629988493425,0.38818321322593863,0.39617012656694306,0.40415703990794744,0.4121439532489518,0.4201308665899562,0.42811777993096056,0.43610469327196494,0.4440916066129693,0.45207851995397375,0.4600654332949781,0.4680523466359825,0.4760392599769869,0.48402617331799125,0.4920130866589956,0.5,0.5079869133410044,0.5159738266820088,0.5239607400230132,0.5319476533640175,0.5399345667050219,0.5479214800460264,0.5559083933870307,0.563895306728035,0.5718822200690394,0.5798691334100439,0.5878560467510483,0.5958429600920526,0.6038298734330569,0.6118167867740614,0.6198037001150658,0.6277906134560701,0.6357775267970746,0.6437644401380789,0.6517513534790833,0.6597382668200876,0.6677251801610921,0.6757120935020964,0.6836990068431008,0.6916859201841052,0.6996728335251096,0.707659746866114,0.7156466602071183,0.7236335735481227,0.7316204868891271,0.7396074002301315,0.7475943135711359,0.7555812269121402,0.7635681402531447,0.771555053594149,0.7795419669351534,0.7875288802761578,0.7955157936171622,0.8035027069581666,0.8114896202991709,0.8194765336401754,0.8274634469811797,0.8354503603221841,0.8434372736631884,0.8514241870041929,0.8594111003451972,0.8673980136862016,0.875384927027206,0.8833718403682104,0.8913587537092148,0.8993456670502191,0.012520481408832305,0.0,0.0,0.0,0.06260240704416152,0.037561444226496786,0.07512288845299384,0.07512288845299384,0.06260240704416152,0.08764336986182614,0.1627662583148194,0.16276625831481997,0.18780722113248458,0.2504096281766452,0.2629301095854784,0.3630939608561368,0.287971072403143,0.3630939608561368,0.3630939608561343,0.5008192563532957,0.45073733071795985,0.45073733071796296,0.6510650332592799,0.6009831076239507,0.6009831076239507,0.8013108101652675,0.8764336986182614,1.2144866966567252,1.026679475524256,1.4022939177892084,1.5525396946952057,1.5274987318775413,1.840510767098349,1.7904288414630194,1.727826434418858,1.928154136960175,2.3413300234516248,2.5166167631752936,2.416452911904635,2.7294649471254426,2.5541782074017902,2.992395056710921,3.2553251662963993,3.33044805474937,3.155161315025741,2.87971072403143,3.1050793893904114,3.3429685361582253,3.2177637220699022,3.004915538119753,3.0049155381197323,3.217763722069925,3.342968536158202,3.1050793893904336,2.87971072403141,3.155161315025719,3.330448054749416,3.255325166296422,2.9923950567109,2.5541782074017725,2.7294649471254235,2.416452911904652,2.516616763175311,2.3413300234516248,1.9281541369601616,1.72782643441887,1.7904288414630072,1.8405107670983616,1.5274987318775306,1.5525396946952168,1.4022939177892084,1.026679475524256,1.2144866966567252,0.8764336986182553,0.8013108101652732,0.6009831076239465,0.6009831076239549,0.6510650332592753,0.4507373307179661,0.45073733071795985,0.5008192563532887,0.3630939608561394,0.3630939608561343,0.287971072403145,0.3630939608561343,0.26293010958548024,0.25040962817664436,0.18780722113248327,0.1627662583148211,0.16276625831481883,0.08764336986182675,0.06260240704416109,0.07512288845299436,0.07512288845299331,0.03756144422649718,0.06260240704416109,0.0,0.0,0.0,0.012520481408832393,0.5,0.12065320196138431
1.01,expected,0.25,False,False,100,0,normal,0.2,2.0,1.2,0.75,0.1,0.16113940762108597,0.16791661946866426,0.17469383131624253,0.18147104316382082,0.1882482550113991,0.19502546685897737,0.20180267870655566,0.20857989055413395,0.21535710240171224,0.2221343142492905,0.2289115260968688,0.23568873794444706,0.24246594979202535,0.24924316163960364,0.25602037348718193,0.2627975853347602,0.26957479718233845,0.27635200902991675,0.28312922087749504,0.2899064327250733,0.2966836445726516,0.3034608564202299,0.3102380682678082,0.3170152801153865,0.3237924919629647,0.330569703810543,0.3373469156581213,0.3441241275056996,0.35090133935327783,0.3576785512008561,0.3644557630484344,0.3712329748960127,0.378010186743591,0.3847873985911693,0.3915646104387476,0.39834182228632586,0.40511903413390415,0.4118962459814824,0.4186734578290607,0.42545066967663897,0.43222788152421726,0.43900509337179555,0.4457823052193738,0.4525595170669521,0.45933672891453037,0.46611394076210866,0.47289115260968695,0.47966836445726524,0.4864455763048435,0.49322278815242176,0.5,0.5067772118475784,0.5135544236951566,0.520331635542735,0.5271088473903132,0.5338860592378915,0.5406632710854697,0.547440482933048,0.5542176947806263,0.5609949066282046,0.5677721184757829,0.5745493303233611,0.5813265421709395,0.5881037540185177,0.5948809658660961,0.6016581777136742,0.6084353895612526,0.6152126014088308,0.6219898132564091,0.6287670251039874,0.6355442369515657,0.642321448799144,0.6490986606467223,0.6558758724943006,0.6626530843418788,0.6694302961894572,0.6762075080370353,0.6829847198846137,0.6897619317321919,0.6965391435797703,0.7033163554273485,0.7100935672749269,0.7168707791225051,0.7236479909700835,0.7304252028176617,0.7372024146652398,0.7439796265128182,0.7507568383603964,0.7575340502079748,0.764311262055553,0.7710884739031314,0.7778656857507096,0.784642897598288,0.7914201094458662,0.7981973212934446,0.8049745331410227,0.8117517449886009,0.8185289568361793,0.8253061686837575,0.8320833805313359,0.8388605923789141,0.014755330399732617,0.04426599119919803,0.029510660799465235,0.029510660799465235,0.014755330399732676,0.04426599119919785,0.04426599119919785,0.04426599119919785,0.07377665199866339,0.05902132159893047,0.04426599119919803,0.0885319823983957,0.19181929519652402,0.2508406167954545,0.13279797359759354,0.17706396479679284,0.3098619383943849,0.3098619383943849,0.2951066079946523,0.48692590319117635,0.7377665199866308,0.7082558591871656,0.6344792071885025,0.7230111895869041,0.9738518063823527,0.9295858151831548,1.195181762378342,1.2394477535775499,1.3279797359759355,1.6230863439705878,1.6230863439705878,1.726373656768716,1.814905639167112,2.2575655511590904,2.4198741855561487,2.9363107495467906,2.80351277594922,2.87728942794786,2.685470132751336,2.5526721591537425,3.2019066967419776,3.3199493399398654,3.3642153311390364,3.762609251931817,3.6740772695334214,4.293801146322191,4.175758503124331,3.600300617534788,3.8658965647299453,4.04296052952677,4.042960529526671,3.8658965647300088,3.600300617534699,4.175758503124399,4.293801146322191,3.6740772695334214,3.762609251931817,3.3642153311390364,3.3199493399398388,3.2019066967419776,2.552672159153784,2.685470132751292,2.8772894279479075,2.803512775949151,2.9363107495468386,2.4198741855561092,2.2575655511591273,1.814905639167112,1.726373656768716,1.6230863439705878,1.6230863439705878,1.3279797359759355,1.2394477535775397,1.1951817623783614,0.9295858151831397,0.9738518063823687,0.7230111895868864,0.6344792071885129,0.708255859187154,0.7377665199866429,0.48692590319116835,0.29510660799465716,0.30986193839437987,0.30986193839439,0.1770639647967943,0.13279797359759135,0.25084061679545855,0.19181929519652088,0.08853198239839714,0.04426599119919712,0.059021321598931434,0.07377665199866187,0.04426599119919857,0.04426599119919712,0.04426599119919857,0.014755330399732858,0.02951066079946475,0.029510660799465717,0.04426599119919712,0.014755330399732858,0.5,0.09881804532819755
1.01,expected,0.25,False,False,100,0,normal,0.2,2.0,1.2,0.75,0.2,0.14375459780591196,0.15087950584979373,0.15800441389367548,0.16512932193755725,0.172254229981439,0.17937913802532077,0.1865040460692025,0.19362895411308428,0.20075386215696606,0.2078787702008478,0.21500367824472955,0.22212858628861132,0.2292534943324931,0.23637840237637486,0.2435033104202566,0.25062821846413835,0.2577531265080201,0.2648780345519019,0.2720029425957836,0.2791278506396654,0.28625275868354716,0.29337766672742893,0.3005025747713107,0.3076274828151925,0.31475239085907425,0.32187729890295597,0.32900220694683774,0.33612711499071946,0.34325202303460123,0.350376931078483,0.3575018391223648,0.36462674716624655,0.3717516552101283,0.3788765632540101,0.3860014712978918,0.3931263793417736,0.4002512873856553,0.40737619542953707,0.41450110347341884,0.4216260115173006,0.4287509195611824,0.43587582760506416,0.44300073564894593,0.4501256436928277,0.45725055173670937,0.46437545978059114,0.4715003678244729,0.4786252758683547,0.48575018391223646,0.4928750919561182,0.5,0.5071249080438818,0.5142498160877635,0.5213747241316452,0.528499632175527,0.5356245402194088,0.5427494482632905,0.5498743563071723,0.5569992643510541,0.5641241723949358,0.5712490804388176,0.5783739884826994,0.585498896526581,0.5926238045704628,0.5997487126143446,0.6068736206582264,0.6139985287021081,0.6211234367459899,0.6282483447898717,0.6353732528337535,0.6424981608776352,0.6496230689215169,0.6567479769653987,0.6638728850092804,0.6709977930531622,0.678122701097044,0.6852476091409258,0.6923725171848075,0.6994974252286892,0.706622333272571,0.7137472413164527,0.7208721493603345,0.7279970574042163,0.735121965448098,0.7422468734919798,0.7493717815358616,0.7564966895797434,0.763621597623625,0.7707465056675068,0.7778714137113886,0.7849963217552703,0.7921212297991521,0.7992461378430339,0.8063710458869157,0.8134959539307974,0.8206208619746792,0.827745770018561,0.8348706780624426,0.8419955861063244,0.8491204941502062,0.856245402194088,0.028070537720376886,0.0,0.042105806580565334,0.014035268860188499,0.028070537720376886,0.014035268860188499,0.028070537720376886,0.028070537720376886,0.08421161316113099,0.042105806580565494,0.08421161316113067,0.16842322632226134,0.0982468820213191,0.042105806580565494,0.11228215088150799,0.1964937640426382,0.28070537720376887,0.2666701083435825,0.3228111837843342,0.29474064606395733,0.3368464526445227,0.6175518298482915,0.6736929052890454,0.6175518298482915,0.785975056170559,0.8000103250307413,0.8842219381918789,0.982468820213191,1.585985381201294,1.6000206500614826,1.7965144141041207,1.964937640426382,1.7123028009429901,1.9649376404263974,2.0351139847273245,2.4842425882533736,2.6667010834358043,2.8070537720376887,2.6526658145756157,2.750912696596935,2.8210890408978773,3.2000413001229653,3.2421471067035306,3.6772404413694297,3.8316283988314455,3.6632051725091843,4.112333776035214,4.196545389196345,3.719346247949938,3.817593129971257,3.817593129971257,3.719346247949938,4.19654538919641,4.112333776035214,3.6632051725091843,3.8316283988314455,3.6772404413693724,3.2421471067035306,3.2000413001229653,2.8210890408978773,2.750912696596935,2.6526658145756574,2.8070537720376887,2.6667010834358043,2.4842425882533545,2.0351139847273245,1.964937640426382,1.7123028009429901,1.964937640426382,1.7965144141041207,1.6000206500615075,1.585985381201294,0.982468820213191,0.884221938191872,0.8000103250307413,0.7859750561705529,0.6175518298482915,0.6736929052890558,0.6175518298482915,0.3368464526445227,0.29474064606395733,0.3228111837843342,0.26667010834358046,0.28070537720376887,0.1964937640426382,0.11228215088150754,0.04210580658056599,0.0982468820213191,0.16842322632226134,0.08421161316113067,0.042105806580565334,0.08421161316113067,0.028070537720376886,0.028070537720376886,0.014035268860188443,0.028070537720376886,0.014035268860188663,0.042105806580565334,0.0,0.028070537720376886,0.5,0.10050482040402212
1.01,expected,0.25,False,False,100,0,normal,0.2,2.0,1.2,0.75,0.3,0.12600761999136623,0.1334874675915389,0.14096731519171157,0.14844716279188425,0.15592701039205692,0.1634068579922296,0.1708867055924023,0.17836655319257497,0.18584640079274764,0.1933262483929203,0.200806095993093,0.2082859435932657,0.21576579119343836,0.22324563879361103,0.2307254863937837,0.23820533399395638,0.24568518159412905,0.2531650291943017,0.2606448767944744,0.2681247243946471,0.27560457199481975,0.2830844195949924,0.29056426719516515,0.29804411479533777,0.3055239623955105,0.3130038099956831,0.32048365759585584,0.32796350519602846,0.3354433527962012,0.34292320039637386,0.35040304799654654,0.3578828955967192,0.3653627431968919,0.37284259079706455,0.38032243839723723,0.3878022859974099,0.3952821335975826,0.40276198119775525,0.4102418287979279,0.4177216763981006,0.42520152399827327,0.432681371598446,0.44016121919861867,0.44764106679879134,0.455120914398964,0.4626007619991367,0.47008060959930936,0.47756045719948204,0.4850403047996547,0.4925201523998274,0.5,0.5074798476001727,0.5149596952003455,0.5224395428005181,0.5299193904006907,0.5373992380008634,0.5448790856010362,0.5523589332012089,0.5598387808013815,0.5673186284015541,0.5747984760017268,0.5822783236018996,0.5897581712020722,0.5972380188022448,0.6047178664024175,0.6121977140025903,0.6196775616027629,0.6271574092029356,0.6346372568031082,0.642117104403281,0.6495969520034536,0.6570767996036263,0.6645566472037989,0.6720364948039717,0.6795163424041443,0.686996190004317,0.6944760376044896,0.7019558852046623,0.709435732804835,0.7169155804050077,0.7243954280051803,0.731875275605353,0.7393551232055258,0.7468349708056984,0.7543148184058711,0.7617946660060437,0.7692745136062165,0.7767543612063891,0.7842342088065618,0.7917140564067344,0.7991939040069072,0.8066737516070798,0.8141535992072525,0.8216334468074251,0.8291132944075978,0.8365931420077705,0.8440729896079432,0.8515528372081159,0.8590326848082885,0.8665125324084613,0.8739923800086339,0.013369256346572019,0.026738512693144038,0.013369256346572019,0.0,0.026738512693144038,0.02673851269314394,0.04010776903971606,0.013369256346572019,0.053477025386288075,0.08021553807943212,0.0,0.08021553807943212,0.14706181981229222,0.1336925634657202,0.1336925634657202,0.16043107615886423,0.2540158705848684,0.16043107615886423,0.40107769039716057,0.2540158705848684,0.2807543832780124,0.5347702538628768,0.5214009975163126,0.44118545943687343,0.6417243046354617,0.8823709188737469,0.9358479442600482,0.8823709188737469,1.0026942259929015,1.3235563783106299,1.350294891003774,1.403771916390062,1.6711570433215024,2.192558040837811,2.005388451985803,2.4064661423829636,2.1257117591049512,2.5802664748884,2.633743500274688,2.6471127566212598,3.008082677978682,3.1284059850978525,3.355683342989577,3.409160368375865,3.382421855682721,3.756761033386737,3.7701302897333093,3.649806982614161,4.478700876101627,4.425223850715371,4.425223850715306,4.478700876101593,3.649806982614188,3.7701302897333373,3.7567610333867094,3.3824218556826957,3.4091603683758396,3.355683342989602,3.1284059850978756,3.008082677978682,2.6471127566212402,2.6337435002747074,2.5802664748884188,2.1257117591049353,2.406466142382946,2.0053884519858176,2.192558040837795,1.6711570433215148,1.4037719163900515,1.350294891003784,1.3235563783106201,1.0026942259929088,0.8823709188737469,0.9358479442600482,0.8823709188737469,0.6417243046354617,0.44118545943687343,0.5214009975163126,0.5347702538628768,0.2807543832780145,0.25401587058486647,0.40107769039715757,0.16043107615886543,0.25401587058486647,0.16043107615886543,0.1336925634657192,0.1336925634657212,0.14706181981229113,0.08021553807943271,0.0,0.08021553807943271,0.05347702538628767,0.013369256346572118,0.04010776903971576,0.026738512693144235,0.026738512693143836,0.0,0.013369256346572118,0.026738512693143836,0.013369256346572118,0.5,0.10198585860475279
1.01,expected,0.25,False,False,100,0,normal,0.2,2.0,1.2,0.75,0.4,0.13328717722091726,0.14062143367649893,0.14795569013208057,0.15528994658766224,0.16262420304324388,0.16995845949882554,0.17729271595440718,0.18462697240998885,0.1919612288655705,0.19929548532115215,0.20662974177673382,0.21396399823231546,0.2212982546878971,0.22863251114347877,0.23596676759906043,0.24330102405464207,0.2506352805102237,0.2579695369658054,0.26530379342138705,0.2726380498769687,0.2799723063325503,0.287306562788132,0.29464081924371366,0.30197507569929527,0.309309332154877,0.3166435886104586,0.32397784506604027,0.33131210152162194,0.33864635797720355,0.3459806144327852,0.3533148708883669,0.3606491273439485,0.3679833837995302,0.37531764025511183,0.3826518967106935,0.38998615316627516,0.39732040962185683,0.40465466607743844,0.4119889225330201,0.4193231789886018,0.42665743544418344,0.43399169189976505,0.4413259483553467,0.4486602048109284,0.45599446126651005,0.46332871772209167,0.47066297417767333,0.477997230633255,0.48533148708883667,0.49266574354441833,0.49999999999999994,0.5073342564555816,0.5146685129111632,0.522002769366745,0.5293370258223266,0.5366712822779083,0.5440055387334899,0.5513397951890715,0.5586740516446531,0.5660083081002348,0.5733425645558166,0.5806768210113982,0.5880110774669798,0.5953453339225614,0.6026795903781431,0.6100138468337248,0.6173481032893064,0.6246823597448881,0.6320166162004697,0.6393508726560513,0.6466851291116331,0.6540193855672147,0.6613536420227963,0.668687898478378,0.6760221549339596,0.6833564113895414,0.690690667845123,0.6980249243007046,0.7053591807562862,0.7126934372118678,0.7200276936674497,0.7273619501230313,0.7346962065786129,0.7420304630341945,0.7493647194897761,0.756698975945358,0.7640332324009396,0.7713674888565212,0.7787017453121028,0.7860360017676844,0.793370258223266,0.8007045146788478,0.8080387711344295,0.8153730275900111,0.8227072840455927,0.8300415405011743,0.8373757969567561,0.8447100534123377,0.8520443098679193,0.859378566323501,0.8667128227790827,0.027269294605561805,0.013634647302780955,0.027269294605561805,0.02726929460556191,0.013634647302780903,0.08180788381668573,0.08180788381668543,0.040903941908342865,0.05453858921112361,0.04090394190834271,0.06817323651390478,0.1499811203305905,0.12271182572502812,0.19088506223893265,0.19088506223893337,0.2045197095417143,0.3681354771750844,0.24542365145005623,0.3272315352667417,0.4772126555973352,0.4499433609917698,0.3817701244778653,0.6817323651390503,0.6817323651390399,0.8726174273779843,0.8862520746807586,0.8453481327724159,1.1453103734336045,1.3907340248836522,1.4589072613975567,1.4180033194892248,1.7452348547559424,1.4861765560031297,1.8134080912698602,2.0042931535087924,2.386063277986658,2.426967219895019,2.631486929436714,2.7541987551617426,2.658756224042276,2.9996224066118216,2.822371991675647,3.7495280082647486,3.463200414906349,3.6268161825397476,3.5450082987230345,3.790431950173091,3.7358933609619673,3.7358933609619673,3.831335892081463,3.8313358920814338,3.7358933609619953,3.7358933609619394,3.7904319501731196,3.5450082987230083,3.6268161825397476,3.463200414906375,3.749528008264777,2.8223719916756256,2.999622406611776,2.658756224042296,2.754198755161763,2.631486929436734,2.426967219894982,2.38606327798664,2.004293153508808,1.8134080912698738,1.4861765560031297,1.7452348547559686,1.4180033194891817,1.4589072613975678,1.3907340248836626,1.1453103734336045,0.8453481327724223,0.8862520746807386,0.8726174273779843,0.6817323651390503,0.6817323651390503,0.3817701244778681,0.44994336099175963,0.4772126555973352,0.32723153526674414,0.2454236514500581,0.36813547717508716,0.2045197095417089,0.19088506223893406,0.19088506223893406,0.12271182572502905,0.14998112033059105,0.06817323651390503,0.040903941908341776,0.05453858921112402,0.04090394190834302,0.08180788381668604,0.08180788381668604,0.013634647302780592,0.02726929460556201,0.02726929460556201,0.013634647302781005,0.0272692946055616,0.5,0.10596068063083143
1.01,expected,0.25,False,False,100,0,normal,0.2,2.0,1.2,1.0,0.1,0.1935477606947757,0.19967680548088018,0.20580585026698467,0.21193489505308916,0.21806393983919364,0.22419298462529813,0.23032202941140262,0.23645107419750708,0.24258011898361156,0.24870916376971605,0.2548382085558205,0.26096725334192505,0.2670962981280295,0.27322534291413403,0.27935438770023846,0.28548343248634295,0.29161247727244743,0.2977415220585519,0.3038705668446564,0.3099996116307609,0.3161286564168654,0.32225770120296987,0.32838674598907436,0.33451579077517885,0.34064483556128333,0.3467738803473878,0.3529029251334923,0.35903196991959674,0.3651610147057013,0.3712900594918057,0.37741910427791026,0.3835481490640147,0.38967719385011923,0.39580623863622366,0.4019352834223282,0.40806432820843264,0.4141933729945372,0.4203224177806416,0.4264514625667461,0.4325805073528506,0.4387095521389551,0.44483859692505956,0.45096764171116405,0.45709668649726853,0.463225731283373,0.4693547760694775,0.475483820855582,0.4816128656416865,0.48774191042779097,0.49387095521389546,0.49999999999999994,0.5061290447861044,0.5122580895722089,0.5183871343583134,0.5245161791444178,0.5306452239305224,0.5367742687166268,0.5429033135027312,0.5490323582888358,0.5551614030749403,0.5612904478610448,0.5674194926471492,0.5735485374332537,0.5796775822193583,0.5858066270054627,0.5919356717915671,0.5980647165776717,0.6041937613637762,0.6103228061498807,0.6164518509359851,0.6225808957220896,0.6287099405081942,0.6348389852942986,0.640968030080403,0.6470970748665076,0.653226119652612,0.6593551644387166,0.665484209224821,0.6716132540109254,0.67774229879703,0.6838713435831345,0.6900003883692389,0.6961294331553434,0.702258477941448,0.7083875227275525,0.7145165675136569,0.7206456122997613,0.7267746570858657,0.7329037018719704,0.7390327466580748,0.7451617914441793,0.7512908362302837,0.7574198810163884,0.7635489258024928,0.7696779705885972,0.7758070153747016,0.7819360601608063,0.7880651049469107,0.7941941497330152,0.8003231945191196,0.8064522393052242,0.01631575612348531,0.04894726837045593,0.0,0.04894726837045593,0.03263151224697062,0.08157878061742654,0.048947268370456154,0.01631575612348531,0.06526302449394124,0.016315756123485382,0.16315756123485162,0.17947331735834005,0.11421029286439614,0.1957890734818255,0.2773678540992503,0.26105209797576495,0.3426308785931915,0.3099993663462209,0.37526239084016216,0.4405254153341034,0.3426308785931915,0.6689460010628977,0.8484193184212361,0.7831562939272949,0.9789453674091186,1.1094714163970012,1.1910501970144383,1.3215762460022982,1.5826283439780895,1.5989441001015459,1.6152598562250604,2.1536798083000415,2.137364052176595,2.365784637905348,2.431047662399333,2.6431524920045963,3.0673621512152662,3.263151224697062,3.2305197124500915,3.5731505910432833,3.9157814696364746,3.850518445142533,3.8831499573895036,4.078939030871328,4.503148690081946,4.062623274747843,4.1931493237357245,4.45420142171149,4.24209659210618,4.45420142171149,4.45420142171149,4.242096592106219,4.454201421711449,4.193149323735763,4.062623274747805,4.503148690081987,4.078939030871364,3.883149957389469,3.850518445142498,3.91578146963651,3.5731505910433152,3.230519712450062,3.2631512246970322,3.0673621512152662,2.6431524920046443,2.431047662399289,2.365784637905348,2.137364052176595,2.1536798083000805,1.615259856225031,1.5989441001015459,1.5826283439780895,1.3215762460023222,1.191050197014417,1.1094714163970112,0.9789453674091098,0.783156293927302,0.8484193184212437,0.6689460010628916,0.3426308785931884,0.4405254153341074,0.3752623908401655,0.3099993663462125,0.34263087859319463,0.2610520979757673,0.2773678540992528,0.1957890734818255,0.11421029286439408,0.17947331735834005,0.1631575612348546,0.016315756123485455,0.06526302449393946,0.016315756123485455,0.048947268370456376,0.0815787806174273,0.03263151224696973,0.048947268370456376,0.0,0.048947268370456376,0.016315756123484865,0.5,0.08828993253941597
1.01,expected,0.25,False,False,100,0,normal,0.2,2.0,1.2,1.0,0.2,0.15595017696589425,0.16283117342657635,0.16971216988725848,0.1765931663479406,0.18347416280862272,0.19035515926930482,0.19723615572998693,0.20411715219066906,0.2109981486513512,0.2178791451120333,0.2247601415727154,0.23164113803339753,0.23852213449407964,0.24540313095476174,0.25228412741544387,0.259165123876126,0.2660461203368081,0.2729271167974902,0.27980811325817234,0.2866891097188544,0.2935701061795366,0.3004511026402187,0.3073320991009008,0.31421309556158294,0.321094092022265,0.32797508848294715,0.3348560849436293,0.34173708140431136,0.3486180778649935,0.3554990743256756,0.3623800707863577,0.3692610672470399,0.37614206370772196,0.38302306016840404,0.3899040566290862,0.3967850530897683,0.40366604955045043,0.41054704601113257,0.41742804247181464,0.4243090389324968,0.4311900353931789,0.438071031853861,0.4449520283145431,0.45183302477522524,0.4587140212359074,0.46559501769658945,0.4724760141572716,0.4793570106179537,0.4862380070786358,0.4931190035393179,0.5,0.5068809964606822,0.5137619929213643,0.5206429893820463,0.5275239858427285,0.5344049823034107,0.5412859787640927,0.5481669752247749,0.555047971685457,0.561928968146139,0.5688099646068212,0.5756909610675034,0.5825719575281855,0.5894529539888675,0.5963339504495497,0.6032149469102318,0.6100959433709139,0.6169769398315961,0.6238579362922781,0.6307389327529602,0.6376199292136424,0.6445009256743245,0.6513819221350066,0.6582629185956888,0.6651439150563709,0.6720249115170529,0.6789059079777351,0.6857869044384173,0.6926679008990992,0.6995488973597814,0.7064298938204636,0.7133108902811456,0.7201918867418278,0.72707288320251,0.7339538796631919,0.7408348761238741,0.7477158725845563,0.7545968690452383,0.7614778655059204,0.7683588619666026,0.7752398584272846,0.7821208548879668,0.789001851348649,0.7958828478093309,0.8027638442700131,0.8096448407306953,0.8165258371913773,0.8234068336520595,0.8302878301127417,0.8371688265734238,0.8440498230341058,0.014532778874600255,0.0,0.0,0.0,0.014532778874600255,0.014532778874600255,0.04359833662380059,0.0,0.02906555774920051,0.05813111549840102,0.029065557749200395,0.11626223099680204,0.08719667324760152,0.04359833662380059,0.07266389437300098,0.23252446199360502,0.15986056762060216,0.13079500987140177,0.3197211352412069,0.17439334649520094,0.34878669299040754,0.4359833662380059,0.45051614511260607,0.6249094916078135,0.6394422704824086,0.7993028381030108,0.8574339536014184,1.0754256367204145,1.1771550888426159,1.4532778874600314,1.2643517620902067,1.6131384550806347,1.6131384550806347,2.0055234846948107,2.2235151678138476,2.528703524180434,2.5432363030550342,3.0373507847914656,2.8484246594216382,2.921088553794639,3.3134735834088715,3.531465266527847,3.8075880651452514,3.9383830750166533,4.083710863762688,4.505161451126061,3.967448632765853,4.15637475813569,4.621423682122862,4.737685913119702,4.737685913119626,4.6214236821229,4.15637475813569,3.967448632765821,4.505161451126025,4.083710863762754,3.9383830750166213,3.8075880651452207,3.5314652665279334,3.313473583408818,2.9210885537946156,2.8484246594216613,3.0373507847914656,2.543236303055014,2.5287035241804543,2.2235151678138476,2.0055234846948107,1.6131384550806347,1.6131384550806347,1.2643517620902067,1.4532778874600314,1.1771550888426254,1.0754256367204058,0.8574339536014046,0.79930283810303,0.6394422704824034,0.6249094916078034,0.45051614511261695,0.4359833662380023,0.3487866929904019,0.17439334649520655,0.3197211352412017,0.1307950098714007,0.15986056762060602,0.23252446199360124,0.07266389437300039,0.04359833662380164,0.08719667324760047,0.11626223099680062,0.029065557749201092,0.05813111549840031,0.029065557749200156,0.0,0.043598336623800235,0.014532778874600078,0.014532778874600546,0.0,0.0,0.0,0.014532778874600546,0.5,0.089914950221358
1.01,expected,0.25,False,False,100,0,normal,0.2,2.0,1.2,1.0,0.3,0.15998407896051814,0.16678439738130776,0.17358471580209742,0.18038503422288704,0.1871853526436767,0.19398567106446632,0.20078598948525594,0.2075863079060456,0.21438662632683525,0.22118694474762488,0.2279872631684145,0.23478758158920415,0.24158790000999378,0.2483882184307834,0.25518853685157306,0.2619888552723627,0.26878917369315236,0.27558949211394196,0.2823898105347316,0.2891901289555212,0.29599044737631086,0.3027907657971005,0.30959108421789017,0.3163914026386798,0.3231917210594694,0.32999203948025907,0.33679235790104867,0.3435926763218383,0.350392994742628,0.3571933131634176,0.3639936315842073,0.37079395000499693,0.37759426842578653,0.3843945868465761,0.3911949052673658,0.39799522368815543,0.4047955421089451,0.41159586052973474,0.41839617895052433,0.425196497371314,0.43199681579210364,0.43879713421289324,0.4455974526336829,0.45239777105447254,0.4591980894752622,0.4659984078960518,0.47279872631684144,0.4795990447376311,0.4863993631584207,0.49319968157921035,0.5,0.5068003184207897,0.5136006368415793,0.520400955262369,0.5272012736831586,0.5340015921039483,0.5408019105247378,0.5476022289455275,0.5544025473663171,0.5612028657871067,0.5680031842078963,0.574803502628686,0.5816038210494756,0.5884041394702653,0.5952044578910549,0.6020047763118446,0.6088050947326342,0.6156054131534239,0.6224057315742135,0.6292060499950032,0.6360063684157927,0.6428066868365824,0.649607005257372,0.6564073236781616,0.6632076420989513,0.6700079605197409,0.6768082789405305,0.6836085973613202,0.6904089157821098,0.6972092342028995,0.7040095526236891,0.7108098710444788,0.7176101894652683,0.724410507886058,0.7312108263068476,0.7380111447276373,0.7448114631484269,0.7516117815692166,0.7584120999900062,0.7652124184107958,0.7720127368315854,0.7788130552523751,0.7856133736731647,0.7924136920939544,0.799214010514744,0.8060143289355337,0.8128146473563232,0.8196149657771129,0.8264152841979026,0.8332156026186922,0.8400159210394819,0.02941038751782109,0.014705193758910485,0.0,0.0,0.0,0.02941038751782109,0.0,0.05882077503564194,0.05882077503564218,0.05882077503564218,0.04411558127673145,0.11764155007128436,0.17646232510692653,0.16175713134801534,0.1911675188658363,0.2058727126247468,0.17646232510692725,0.2058727126247468,0.3088090689371227,0.4411558127673145,0.4999765878029564,0.4411558127673145,0.5882077503564194,0.7205544941866195,0.8087856567400766,0.8234908504989938,1.1470051131950179,1.1470051131950179,1.3234674383019436,1.338172632060854,1.7499180573103477,1.5734557322034346,2.0146115449707525,2.029316738729647,2.249894645113304,1.882264801140542,2.5145881327736928,2.7351660391573724,3.191027045683575,2.999859526817739,3.2498478207192436,3.4998361146206953,3.661593245968711,3.691003633486531,4.235095802566254,4.117454252494936,4.058633477459294,4.5439048715033765,4.279211383842951,4.132159446253846,4.132159446253846,4.279211383842951,4.543904871503339,4.058633477459294,4.117454252494936,4.235095802566288,3.691003633486531,3.661593245968711,3.499836114620752,3.249847820719217,2.999859526817739,3.191027045683575,2.73516603915735,2.5145881327736928,1.882264801140542,2.249894645113304,2.029316738729647,2.014611544970736,1.5734557322034217,1.749918057310376,1.338172632060854,1.3234674383019436,1.1470051131950363,1.1470051131949992,0.8234908504990006,0.8087856567400766,0.7205544941866138,0.5882077503564194,0.4411558127673145,0.4999765878029564,0.4411558127673145,0.30880906893712523,0.2058727126247468,0.1764623251069258,0.2058727126247468,0.1911675188658363,0.16175713134801534,0.1764623251069258,0.1176415500712858,0.04411558127673145,0.05882077503564194,0.05882077503564194,0.05882077503564194,0.0,0.02941038751782097,0.0,0.0,0.0,0.014705193758910485,0.02941038751782097,0.5,0.09415216023685621
1.01,expected,0.25,False,False,100,0,normal,0.2,2.0,1.2,1.0,0.4,0.1262562833008702,0.13373115763485277,0.14120603196883538,0.14868090630281797,0.15615578063680058,0.16363065497078316,0.17110552930476575,0.17858040363874836,0.18605527797273094,0.19353015230671355,0.20100502664069614,0.20847990097467872,0.21595477530866133,0.22342964964264395,0.23090452397662653,0.23837939831060911,0.2458542726445917,0.25332914697857434,0.26080402131255687,0.2682788956465395,0.2757537699805221,0.2832286443145047,0.2907035186484873,0.29817839298246984,0.3056532673164525,0.31312814165043507,0.32060301598441765,0.3280778903184003,0.3355527646523828,0.34302763898636546,0.35050251332034804,0.3579773876543306,0.36545226198831327,0.3729271363222958,0.38040201065627843,0.387876884990261,0.3953517593242436,0.40282663365822624,0.4103015079922088,0.4177763823261914,0.425251256660174,0.4327261309941566,0.4402010053281392,0.4476758796621218,0.4551507539961044,0.46262562833008697,0.47010050266406955,0.4775753769980522,0.4850502513320348,0.49252512566601736,0.49999999999999994,0.5074748743339825,0.5149497486679652,0.5224246230019478,0.5298994973359303,0.5373743716699129,0.5448492460038955,0.5523241203378781,0.5597989946718607,0.5672738690058433,0.574748743339826,0.5822236176738085,0.5896984920077911,0.5971733663417738,0.6046482406757563,0.6121231150097388,0.6195979893437215,0.6270728636777041,0.6345477380116866,0.6420226123456694,0.6494974866796519,0.6569723610136344,0.664447235347617,0.6719221096815997,0.6793969840155822,0.6868718583495648,0.6943467326835475,0.70182160701753,0.7092964813515126,0.7167713556854953,0.7242462300194779,0.7317211043534604,0.7391959786874429,0.7466708530214257,0.7541457273554082,0.7616206016893907,0.7690954760233735,0.776570350357356,0.7840452246913385,0.7915200990253213,0.7989949733593038,0.8064698476932863,0.8139447220272689,0.8214195963612516,0.8288944706952341,0.8363693450292167,0.8438442193631994,0.851319093697182,0.8587939680311645,0.8662688423651472,0.8737437166991298,0.026756302656588044,0.013378151328293973,0.0,0.013378151328293973,0.0,0.013378151328294022,0.026756302656587946,0.026756302656588044,0.0,0.05351260531317609,0.05351260531317609,0.13378151328293972,0.06689075664146986,0.08026890796976413,0.1204033619546462,0.10702521062635217,0.18729411859611492,0.17391596726782357,0.14715966461123314,0.21405042125270435,0.26756302656588044,0.3344537832073481,0.44147899383370603,0.44147899383369943,0.5886386584449369,0.602016809773231,0.7224201717278719,0.9097142903240003,0.8026890796976354,1.29768067884452,1.29768067884452,1.2441680735313347,1.5652437054104122,1.6588907647084463,1.846184883304575,2.367932785108042,2.3277983311231427,2.448201693077806,2.555226903704158,3.090352956835919,3.3445378320735055,3.2642689241037175,3.7057479179374444,3.7057479179374444,3.8662857338769725,3.9599327931750303,3.7860168259071805,4.2542521223974985,4.040201701144794,4.695731116231202,4.695731116231202,4.040201701144765,4.254252122397467,3.7860168259072364,3.95993279317506,3.8662857338769436,3.705747917937417,3.7057479179374715,3.2642689241037175,3.344537832073481,3.090352956835942,2.5552269037041393,2.4482016930777877,2.3277983311231774,2.3679327851080596,1.8461848833045613,1.6588907647084463,1.5652437054104122,1.2441680735313163,1.2976806788445299,1.2976806788445299,0.8026890796976474,0.9097142903239732,0.7224201717278825,0.6020168097732355,0.5886386584449238,0.44147899383370603,0.44147899383370603,0.33445378320734315,0.26756302656588243,0.21405042125270593,0.14715966461123534,0.1739159672678184,0.18729411859611772,0.10702521062635297,0.12040336195464352,0.08026890796976473,0.06689075664147061,0.13378151328293725,0.05351260531317648,0.05351260531317648,0.0,0.026756302656587447,0.02675630265658824,0.01337815132829412,0.0,0.01337815132829412,0.0,0.013378151328293723,0.02675630265658824,0.5,0.09566100034242829
1.01,expected,0.25,False,False,100,0,normal,0.2,2.0,1.2,1.25,0.1,0.17924261626225235,0.1856577639370073,0.19207291161176226,0.1984880592865172,0.20490320696127215,0.2113183546360271,0.21773350231078206,0.22414864998553702,0.23056379766029197,0.23697894533504693,0.24339409300980186,0.24980924068455684,0.25622438835931177,0.26263953603406676,0.2690546837088217,0.2754698313835766,0.2818849790583316,0.2883001267330865,0.2947152744078415,0.30113042208259644,0.30754556975735137,0.31396071743210635,0.32037586510686134,0.32679101278161626,0.3332061604563712,0.3396213081311261,0.3460364558058811,0.3524516034806361,0.358866751155391,0.36528189883014595,0.3716970465049009,0.37811219417965586,0.38452734185441084,0.39094248952916577,0.3973576372039207,0.4037727848786757,0.4101879325534306,0.4166030802281856,0.4230182279029405,0.42943337557769545,0.43584852325245044,0.44226367092720537,0.44867881860196035,0.4550939662767153,0.46150911395147026,0.4679242616262252,0.4743394093009801,0.4807545569757351,0.48716970465049003,0.493584852325245,0.49999999999999994,0.5064151476747549,0.5128302953495099,0.5192454430242648,0.5256605906990197,0.5320757383737746,0.5384908860485297,0.5449060337232846,0.5513211813980395,0.5577363290727946,0.5641514767475495,0.5705666244223044,0.5769817720970594,0.5833969197718143,0.5898120674465692,0.5962272151213242,0.6026423627960792,0.6090575104708341,0.6154726581455892,0.6218878058203441,0.628302953495099,0.6347181011698539,0.6411332488446089,0.6475483965193638,0.6539635441941187,0.6603786918688738,0.6667938395436287,0.6732089872183836,0.6796241348931386,0.6860392825678936,0.6924544302426485,0.6988695779174035,0.7052847255921584,0.7116998732669134,0.7181150209416683,0.7245301686164233,0.7309453162911782,0.7373604639659331,0.7437756116406882,0.7501907593154431,0.756605906990198,0.763021054664953,0.7694362023397079,0.7758513500144629,0.7822664976892179,0.7886816453639728,0.7950967930387277,0.8015119407134826,0.8079270883882377,0.8143422360629926,0.8207573837377475,0.015588105694514628,0.015588105694514628,0.015588105694514695,0.031176211389029256,0.0,0.0,0.04676431708354388,0.031176211389029256,0.031176211389029256,0.03117621138902939,0.04676431708354368,0.04676431708354408,0.09352863416708736,0.10911673986160285,0.12470484555611756,0.14029295125063104,0.14029295125063224,0.23382158541771836,0.2961740081957792,0.2961740081957792,0.34293832527932033,0.48323127652995135,0.5923480163915584,0.4676431708354408,0.5455836993080143,0.6079361220860678,0.810581496114757,1.1379317156995727,1.0755792929215138,1.5899867808404988,1.449693829589854,1.9329251061198054,1.9641013175088515,2.3070396427881747,2.587625545289417,2.6655660737620126,2.556449333900388,3.1332092445974538,3.257914090153571,3.569676204043834,3.4449713584877473,3.5540880983493195,4.021731269184791,4.333493383075047,4.567314968492806,4.8634889766885845,4.567314968492766,4.738784131132467,4.520550651409223,4.504962545714746,4.504962545714708,4.520550651409262,4.738784131132467,4.567314968492806,4.8634889766885845,4.567314968492727,4.333493383075085,4.021731269184791,3.554088098349289,3.4449713584877473,3.5696762040438648,3.257914090153571,3.1332092445974538,2.5564493339004097,2.6655660737620126,2.587625545289394,2.3070396427881747,1.9641013175088173,1.9329251061198223,1.4496938295898667,1.5899867808404988,1.0755792929215138,1.1379317156995727,0.8105814961147642,0.6079361220860625,0.5455836993080143,0.4676431708354408,0.5923480163915584,0.4832312765299472,0.3429383252793233,0.2961740081957792,0.2961740081957792,0.23382158541771636,0.14029295125063224,0.14029295125063224,0.12470484555611756,0.10911673986160285,0.09352863416708655,0.04676431708354408,0.04676431708354408,0.03117621138902939,0.03117621138902939,0.03117621138902885,0.04676431708354408,0.0,0.0,0.03117621138902939,0.015588105694514425,0.015588105694514695,0.015588105694514695,0.5,0.0835954588046168
1.01,expected,0.25,False,False,100,0,normal,0.2,2.0,1.2,1.25,0.2,0.1548579768133424,0.16176081727707556,0.16866365774080871,0.17556649820454184,0.182469338668275,0.18937217913200816,0.1962750195957413,0.20317786005947447,0.2100807005232076,0.21698354098694075,0.2238863814506739,0.23078922191440707,0.23769206237814022,0.24459490284187335,0.25149774330560654,0.25840058376933966,0.26530342423307285,0.272206264696806,0.2791091051605391,0.28601194562427223,0.2929147860880054,0.2998176265517386,0.30672046701547173,0.31362330747920486,0.32052614794293804,0.3274289884066712,0.33433182887040436,0.3412346693341375,0.3481375097978706,0.3550403502616038,0.3619431907253369,0.3688460311890701,0.37574887165280324,0.38265171211653637,0.38955455258026955,0.3964573930440027,0.40336023350773587,0.410263073971469,0.4171659144352021,0.4240687548989353,0.43097159536266844,0.4378744358264016,0.44477727629013475,0.4516801167538679,0.45858295721760106,0.4654857976813342,0.4723886381450674,0.4792914786088005,0.4861943190725337,0.4930971595362668,0.49999999999999994,0.5069028404637331,0.5138056809274663,0.5207085213911995,0.5276113618549325,0.5345142023186658,0.5414170427823989,0.548319883246132,0.5552227237098653,0.5621255641735983,0.5690284046373315,0.5759312451010646,0.5828340855647978,0.589736926028531,0.596639766492264,0.6035426069559973,0.6104454474197304,0.6173482878834635,0.6242511283471968,0.6311539688109298,0.638056809274663,0.6449596497383961,0.6518624902021293,0.6587653306658625,0.6656681711295955,0.6725710115933288,0.6794738520570618,0.686376692520795,0.6932795329845283,0.7001823734482613,0.7070852139119945,0.7139880543757275,0.7208908948394608,0.727793735303194,0.734696575766927,0.7415994162306603,0.7485022566943933,0.7554050971581265,0.7623079376218598,0.7692107780855928,0.776113618549326,0.783016459013059,0.7899192994767923,0.7968221399405255,0.8037249804042585,0.8106278208679918,0.817530661331725,0.824433501795458,0.8313363422591913,0.8382391827229243,0.8451420231866575,0.014486789970793928,0.0,0.0,0.0,0.0,0.0,0.0,0.014486789970793987,0.014486789970793928,0.014486789970793928,0.014486789970793928,0.04346036991238179,0.028973579941587974,0.07243394985396935,0.08692073982476392,0.04346036991238161,0.15935468967873384,0.1158943197663519,0.13038110973714587,0.2752490094450835,0.2607622194742897,0.28973579941587974,0.40563011918223163,0.43460369912381613,0.5215244389485835,0.5939583888025487,0.9271545581308152,0.8112602383644633,0.9271545581308077,1.2024035675759008,1.1444564076927157,1.6949544265828964,1.6080336867581326,1.9702034360279663,1.912256276144806,2.69454293456766,2.50621466494736,2.7814636743924455,2.8249240443048045,3.100173053749913,3.7231050224940248,3.607210702727703,3.7955389723480244,4.273603041384192,3.824512552289612,4.099761561734665,4.8530746402159854,4.7806406903619765,5.026916119865514,4.809614270303603,4.809614270303565,5.026916119865514,4.780640690361939,4.853074640216064,4.099761561734632,3.824512552289612,4.273603041384225,3.795538972347963,3.6072107027277607,3.723105022493994,3.100173053749913,2.8249240443048276,2.7814636743924006,2.5062146649474,2.694542934567638,1.912256276144806,1.970203436027982,1.6080336867581067,1.6949544265829237,1.1444564076927064,1.2024035675759008,0.9271545581308152,0.8112602383644502,0.92715455813083,0.5939583888025438,0.5215244389485919,0.4346036991238126,0.4056301191822251,0.2897357994158844,0.26076221947428757,0.2752490094450902,0.13038110973714379,0.11589431976635003,0.15935468967873642,0.04346036991238126,0.08692073982476531,0.07243394985396877,0.02897357994158751,0.043460369912382654,0.014486789970793754,0.01448678997079422,0.014486789970793754,0.014486789970793754,0.0,0.0,0.0,0.0,0.0,0.0,0.014486789970793754,0.5,0.08413748040132234
1.01,expected,0.25,False,False,100,0,normal,0.2,2.0,1.2,1.25,0.3,0.14702271017434596,0.15408225597085903,0.1611418017673721,0.1682013475638852,0.17526089336039827,0.18232043915691135,0.18937998495342442,0.1964395307499375,0.20349907654645058,0.21055862234296369,0.21761816813947676,0.22467771393598984,0.23173725973250292,0.238796805529016,0.24585635132552908,0.25291589712204215,0.25997544291855523,0.2670349887150683,0.2740945345115814,0.28115408030809447,0.28821362610460755,0.2952731719011206,0.3023327176976337,0.3093922634941468,0.31645180929065986,0.32351135508717294,0.330570900883686,0.3376304466801991,0.34468999247671217,0.35174953827322525,0.3588090840697383,0.3658686298662514,0.3729281756627645,0.37998772145927756,0.38704726725579064,0.3941068130523037,0.4011663588488168,0.40822590464532993,0.41528545044184295,0.4223449962383561,0.4294045420348691,0.43646408783138224,0.44352363362789526,0.4505831794244084,0.4576427252209214,0.46470227101743455,0.4717618168139476,0.4788213626104607,0.48588090840697373,0.49294045420348687,0.4999999999999999,0.507059545796513,0.514119091593026,0.5211786373895392,0.5282381831860522,0.5352977289825653,0.5423572747790784,0.5494168205755915,0.5564763663721045,0.5635359121686176,0.5705954579651307,0.5776550037616438,0.5847145495581568,0.59177409535467,0.598833641151183,0.6058931869476961,0.6129527327442091,0.6200122785407223,0.6270718243372353,0.6341313701337484,0.6411909159302615,0.6482504617267746,0.6553100075232877,0.6623695533198007,0.6694290991163139,0.6764886449128269,0.68354819070934,0.690607736505853,0.6976672823023662,0.7047268280988792,0.7117863738953923,0.7188459196919054,0.7259054654884185,0.7329650112849315,0.7400245570814447,0.7470841028779577,0.7541436486744708,0.7612031944709838,0.768262740267497,0.77532228606401,0.7823818318605231,0.7894413776570361,0.7965009234535493,0.8035604692500623,0.8106200150465754,0.8176795608430885,0.8247391066396016,0.8317986524361146,0.8388581982326277,0.8459177440291408,0.8529772898256539,0.04249565179507427,0.0,0.0,0.014165217265024756,0.014165217265024756,0.014165217265024756,0.028330434530049513,0.028330434530049513,0.0283304345300494,0.014165217265024756,0.07082608632512377,0.07082608632512377,0.04249565179507427,0.056660869060099026,0.07082608632512377,0.11332173812019805,0.14165217265024754,0.1274869553852228,0.2833043453004951,0.24080869350542083,0.2266434762403961,0.48161738701084167,0.467452169745817,0.48161738701084167,0.49578260427586646,0.7224260805162626,0.7224260805162626,0.9632347740216833,1.16154781573203,1.1190521639369557,1.048226077611832,1.2890347711172527,1.8414782444532183,1.9406347653083917,1.8131478099231688,2.422252152319233,2.5355738904394114,2.9605304083901975,2.918034756595077,3.17300866736557,3.215504319160594,3.7112869234365156,3.9520956169418757,3.9804260514719876,4.36288691762759,4.079582572327162,4.20706952771232,4.292060831302535,4.447878221217739,4.391217352157709,4.39121735215764,4.447878221217809,4.292060831302468,4.2070695277123855,4.079582572327098,4.36288691762766,3.980426051471925,3.9520956169419383,3.7112869234364565,3.2155043191606447,3.1730086673655205,2.9180347565951226,2.960530408390151,2.5355738904394514,2.4222521523192144,1.813147809923183,1.9406347653083764,1.8414782444532327,1.2890347711172427,1.0482260776118402,1.119052163936947,1.161547815732021,0.963234774021691,0.7224260805162569,0.7224260805162683,0.49578260427586257,0.4816173870108455,0.4674521697458133,0.4816173870108455,0.22664347624039433,0.24080869350542275,0.28330434530049287,0.1274869553852238,0.14165217265024643,0.11332173812019894,0.07082608632512322,0.05666086906009947,0.04249565179507393,0.07082608632512433,0.07082608632512322,0.014165217265024867,0.02833043453004929,0.028330434530049735,0.02833043453004929,0.014165217265024867,0.014165217265024645,0.014165217265024867,0.0,0.0,0.04249565179507393,0.5,0.08980436285391794
1.01,expected,0.25,False,False,100,0,normal,0.2,2.0,1.2,1.25,0.4,0.1602729354461719,0.16706747673724848,0.17386201802832504,0.1806565593194016,0.18745110061047815,0.19424564190155472,0.20104018319263128,0.20783472448370785,0.21462926577478442,0.22142380706586096,0.22821834835693752,0.2350128896480141,0.24180743093909066,0.24860197223016722,0.25539651352124376,0.2621910548123203,0.2689855961033969,0.2757801373944735,0.28257467868555003,0.28936921997662657,0.29616376126770316,0.3029583025587797,0.30975284384985624,0.31654738514093284,0.32334192643200943,0.3301364677230859,0.3369310090141625,0.3437255503052391,0.35052009159631564,0.3573146328873922,0.3641091741784688,0.3709037154695453,0.37769825676062185,0.38449279805169845,0.39128733934277504,0.3980818806338515,0.4048764219249281,0.4116709632160047,0.4184655045070812,0.4252600457981578,0.4320545870892344,0.438849128380311,0.44564366967138747,0.45243821096246406,0.45923275225354065,0.46602729354461714,0.47282183483569373,0.4796163761267703,0.4864109174178469,0.4932054587089234,0.5,0.5067945412910766,0.5135890825821531,0.5203836238732297,0.5271781651643063,0.5339727064553828,0.5407672477464593,0.5475617890375359,0.5543563303286125,0.561150871619689,0.5679454129107656,0.5747399542018422,0.5815344954929187,0.5883290367839953,0.5951235780750719,0.6019181193661484,0.608712660657225,0.6155072019483016,0.6223017432393781,0.6290962845304546,0.6358908258215312,0.6426853671126078,0.6494799084036843,0.6562744496947609,0.6630689909858375,0.6698635322769141,0.6766580735679906,0.6834526148590672,0.6902471561501438,0.6970416974412204,0.7038362387322968,0.7106307800233734,0.71742532131445,0.7242198626055265,0.7310144038966031,0.7378089451876797,0.7446034864787562,0.7513980277698328,0.7581925690609094,0.764987110351986,0.7717816516430624,0.778576192934139,0.7853707342252156,0.7921652755162921,0.7989598168073687,0.8057543580984453,0.8125488993895219,0.8193434406805984,0.826137981971675,0.8329325232627516,0.8397270645538281,0.01471769700352434,0.0,0.01471769700352434,0.0,0.0,0.0,0.02943539400704868,0.04415309101057303,0.014717697003524401,0.07358848501762172,0.04415309101057303,0.04415309101057303,0.01471769700352434,0.07358848501762201,0.1030238790246708,0.13245927303171853,0.10302387902466996,0.27963624306696366,0.1030238790246708,0.2207654550528642,0.23548315205639042,0.515119395123354,0.6034255771444956,0.5445547891303985,0.5004016981198338,0.8977795172149812,0.7947556381903113,0.838908729200891,1.3834635183312938,1.1332626692713696,1.2657219423030985,1.501205094359489,1.7808413374264382,2.031042186486351,2.251807641539252,2.502008490599128,2.5903146726202735,2.884668612690806,3.3850703108105846,3.193740249764769,3.326199522796488,3.414505704817689,3.4586587958282062,3.9001897059339345,3.8413189179199008,4.724380738131295,4.8421223141594885,4.415309101057285,4.812686920152519,4.70966304112777,4.70966304112777,4.812686920152519,4.415309101057285,4.8421223141594885,4.724380738131372,3.8413189179198373,3.9001897059339345,3.4586587958282062,3.414505704817689,3.326199522796488,3.193740249764769,3.3850703108106397,2.8846686126907595,2.5903146726202735,2.502008490599169,2.251807641539215,2.031042186486351,1.7808413374264382,1.5012050943595014,1.265721942303088,1.1332626692713696,1.383463518331305,0.838908729200884,0.7947556381903113,0.8977795172149812,0.5004016981198338,0.5445547891303985,0.6034255771444956,0.5151193951233498,0.23548315205639236,0.2207654550528642,0.10302387902466996,0.27963624306696594,0.10302387902466996,0.13245927303171853,0.10302387902467165,0.0735884850176214,0.014717697003524282,0.04415309101057284,0.04415309101057356,0.0735884850176214,0.014717697003524282,0.04415309101057356,0.029435394007048563,0.0,0.0,0.0,0.014717697003524282,0.0,0.014717697003524523,0.5,0.08674807117177269
1.01,expected,0.25,False,False,100,0,normal,0.2,2.0,1.2,1.5,0.1,0.14830877575286264,0.15534260023780538,0.16237642472274813,0.16941024920769088,0.17644407369263362,0.18347789817757637,0.19051172266251912,0.19754554714746186,0.2045793716324046,0.21161319611734736,0.21864702060229013,0.22568084508723285,0.23271466957217563,0.23974849405711834,0.24678231854206112,0.25381614302700384,0.2608499675119466,0.26788379199688933,0.2749176164818321,0.2819514409667748,0.2889852654517176,0.2960190899366604,0.3030529144216031,0.3100867389065458,0.3171205633914886,0.32415438787643136,0.3311882123613741,0.3382220368463168,0.3452558613312596,0.35228968581620235,0.35932351030114507,0.3663573347860878,0.37339115927103056,0.38042498375597333,0.38745880824091605,0.39449263272585877,0.4015264572108016,0.4085602816957443,0.41559410618068704,0.42262793066562976,0.4296617551505726,0.4366955796355153,0.443729404120458,0.45076322860540075,0.4577970530903436,0.4648308775752863,0.471864702060229,0.47889852654517173,0.48593235103011456,0.4929661755150573,0.5,0.5070338244849427,0.5140676489698855,0.5211014734548283,0.528135297939771,0.5351691224247137,0.5422029469096565,0.5492367713945993,0.556270595879542,0.5633044203644847,0.5703382448494275,0.5773720693343702,0.584405893819313,0.5914397183042557,0.5984735427891985,0.6055073672741412,0.612541191759084,0.6195750162440268,0.6266088407289695,0.6336426652139122,0.6406764896988549,0.6477103141837978,0.6547441386687405,0.6617779631536832,0.6688117876386259,0.6758456121235686,0.6828794366085115,0.6899132610934542,0.6969470855783969,0.7039809100633396,0.7110147345482825,0.7180485590332252,0.7250823835181679,0.7321162080031106,0.7391500324880534,0.7461838569729962,0.7532176814579389,0.7602515059428816,0.7672853304278244,0.7743191549127671,0.7813529793977099,0.7883868038826526,0.7954206283675954,0.8024544528525381,0.8094882773374809,0.8165221018224236,0.8235559263073664,0.8305897507923091,0.8376235752772518,0.8446573997621947,0.8516912242471374,0.014217016676214942,0.0,0.0,0.014217016676214942,0.0,0.0,0.0,0.014217016676214942,0.0,0.0,0.0,0.014217016676214885,0.014217016676214996,0.04265105002864465,0.08530210005728998,0.02843403335242977,0.028434033352429992,0.07108508338107443,0.14217016676215,0.0853021000572893,0.14217016676214886,0.19903823346700997,0.22747226681943994,0.35542541690537216,0.2843403335242977,0.4691615503150949,0.5260296170199549,0.6397657504296698,0.9525401173063972,0.8956720506015449,1.0236252006874798,1.4501357009739182,1.478569734326348,1.7344760344982297,1.9761653179938847,2.260505651518149,2.1752035514608945,2.6301480850997745,2.9571394686527195,3.6964243358158413,3.753292402520759,3.895462569282909,4.1940199194834245,4.08028378607364,4.2793220195407145,4.449926219655294,5.1039089867611835,4.648964453122231,4.791134619884454,5.260296170199549,5.260296170199549,4.791134619884378,4.648964453122304,5.1039089867611835,4.449926219655294,4.279322019540647,4.080283786073704,4.1940199194834245,3.895462569282909,3.7532924025207,3.6964243358158995,2.9571394686527195,2.6301480850997745,2.1752035514608603,2.2605056515181845,1.9761653179938847,1.7344760344982024,1.4785697343263597,1.4501357009739297,1.0236252006874798,0.8956720506015307,0.9525401173064049,0.6397657504296749,0.5260296170199549,0.4691615503150949,0.28434033352429544,0.35542541690537494,0.22747226681943994,0.19903823346700997,0.14217016676214772,0.08530210005728998,0.14217016676215,0.071085083381075,0.028434033352429545,0.028434033352429992,0.08530210005728998,0.04265105002864499,0.014217016676214772,0.014217016676214996,0.0,0.0,0.0,0.014217016676214996,0.0,0.0,0.0,0.014217016676214996,0.0,0.0,0.014217016676214996,0.5,0.07903061249679837
1.01,expected,0.25,False,False,100,0,normal,0.2,2.0,1.2,1.5,0.2,0.18531385740465317,0.1916075802565601,0.19790130310846704,0.20419502596037398,0.2104887488122809,0.21678247166418785,0.22307619451609478,0.22936991736800175,0.23566364021990868,0.24195736307181562,0.24825108592372255,0.25454480877562946,0.26083853162753645,0.26713225447944333,0.2734259773313503,0.27971970018325726,0.2860134230351642,0.29230714588707113,0.29860086873897806,0.304894591590885,0.31118831444279194,0.31748203729469887,0.3237757601466058,0.33006948299851274,0.3363632058504197,0.3426569287023266,0.34895065155423355,0.35524437440614054,0.3615380972580474,0.3678318201099544,0.3741255429618613,0.3804192658137683,0.38671298866567516,0.39300671151758215,0.39930043436948903,0.405594157221396,0.4118878800733029,0.4181816029252099,0.42447532577711683,0.43076904862902377,0.4370627714809307,0.44335649433283764,0.44965021718474457,0.4559439400366515,0.46223766288855844,0.4685313857404654,0.4748251085923723,0.48111883144427925,0.4874125542961862,0.4937062771480931,0.5,0.506293722851907,0.512587445703814,0.5188811685557209,0.5251748914076279,0.5314686142595348,0.5377623371114417,0.5440560599633486,0.5503497828152556,0.5566435056671626,0.5629372285190695,0.5692309513709763,0.5755246742228833,0.5818183970747903,0.5881121199266972,0.5944058427786041,0.6006995656305111,0.6069932884824181,0.613287011334325,0.6195807341862318,0.6258744570381388,0.6321681798900458,0.6384619027419527,0.6447556255938596,0.6510493484457666,0.6573430712976736,0.6636367941495804,0.6699305170014874,0.6762242398533944,0.6825179627053013,0.6888116855572082,0.695105408409115,0.7013991312610222,0.707692854112929,0.7139865769648359,0.7202802998167428,0.7265740226686499,0.7328677455205568,0.7391614683724637,0.7454551912243708,0.7517489140762776,0.7580426369281845,0.7643363597800914,0.7706300826319985,0.7769238054839054,0.7832175283358123,0.7895112511877191,0.7958049740396262,0.8020986968915331,0.80839241974344,0.8146861425953469,0.015888847086697022,0.0,0.015888847086697022,0.0,0.015888847086697022,0.015888847086697022,0.015888847086696956,0.015888847086697022,0.031777694173394044,0.015888847086697022,0.015888847086697095,0.04766654126009065,0.07944423543348582,0.04766654126009065,0.11122192960687917,0.17477731795366727,0.1906661650403643,0.20655501212706132,0.34955463590733454,0.2701104004738494,0.42899887134081965,0.3177769417339405,0.4607765655142137,0.603776189294487,0.8103312014215482,0.8103312014215482,0.9374419781151162,1.3346631552825619,1.3187743081958414,1.8272174149701739,1.3664408494559321,1.9543281916637512,2.1608832037907764,2.1608832037908146,2.0814389683572916,2.526326686784849,3.0506586406458016,3.1459917231660106,3.0983251819059197,3.3366578882063753,3.7338790653738005,4.289988713408197,4.194655630888014,4.43298833718847,4.448877184275167,4.8143206672691985,4.464766031361864,4.528321419708652,4.480654878448561,4.687209890575663,4.6872098905755815,4.480654878448521,4.528321419708692,4.464766031361824,4.814320667269156,4.448877184275206,4.432988337188509,4.194655630887977,4.289988713408159,3.733879065373834,3.3366578882064046,3.0983251819058926,3.145991723165983,3.0506586406458553,2.526326686784849,2.0814389683572916,2.1608832037907764,2.1608832037908146,1.9543281916637512,1.3664408494559321,1.8272174149701415,1.3187743081958647,1.3346631552825619,0.9374419781151162,0.8103312014215411,0.8103312014215553,0.6037761892944816,0.4607765655142097,0.3177769417339433,0.4289988713408235,0.2701104004738518,0.3495546359073253,0.20655501212706312,0.19066616504036596,0.1747773179536688,0.11122192960687623,0.04766654126009149,0.07944423543348582,0.04766654126008981,0.015888847086697164,0.015888847086697164,0.03177769417339433,0.015888847086696602,0.015888847086697164,0.015888847086697164,0.015888847086697164,0.0,0.015888847086697164,0.0,0.015888847086697164,0.5,0.0823358140972532
1.01,expected,0.25,False,False,100,0,normal,0.2,2.0,1.2,1.5,0.3,0.1965297182511636,0.20259912388614035,0.20866852952111706,0.2147379351560938,0.2208073407910705,0.22687674642604724,0.23294615206102398,0.2390155576960007,0.24508496333097743,0.25115436896595417,0.2572237746009309,0.2632931802359076,0.26936258587088435,0.27543199150586106,0.2815013971408378,0.2875708027758145,0.29364020841079125,0.29970961404576796,0.30577901968074467,0.31184842531572143,0.31791783095069814,0.32398723658567485,0.33005664222065156,0.33612604785562833,0.34219545349060504,0.3482648591255818,0.3543342647605585,0.3604036703955352,0.36647307603051194,0.37254248166548865,0.3786118873004654,0.3846812929354421,0.3907506985704189,0.3968201042053956,0.4028895098403723,0.408958915475349,0.4150283211103257,0.4210977267453025,0.42716713238027926,0.43323653801525597,0.4393059436502327,0.4453753492852094,0.4514447549201861,0.45751416055516286,0.4635835661901396,0.4696529718251163,0.47572237746009305,0.48179178309506976,0.48786118873004647,0.49393059436502323,0.49999999999999994,0.5060694056349766,0.5121388112699534,0.5182082169049301,0.5242776225399068,0.5303470281748836,0.5364164338098603,0.5424858394448371,0.5485552450798137,0.5546246507147905,0.5606940563497672,0.5667634619847439,0.5728328676197206,0.5789022732546973,0.5849716788896742,0.5910410845246508,0.5971104901596276,0.6031798957946043,0.609249301429581,0.6153187070645577,0.6213881126995344,0.6274575183345112,0.6335269239694878,0.6395963296044647,0.6456657352394414,0.6517351408744181,0.6578045465093949,0.6638739521443715,0.6699433577793483,0.6760127634143249,0.6820821690493017,0.6881515746842785,0.6942209803192552,0.7002903859542319,0.7063597915892086,0.7124291972241854,0.7184986028591621,0.7245680084941388,0.7306374141291155,0.7367068197640922,0.742776225399069,0.7488456310340458,0.7549150366690225,0.7609844423039992,0.7670538479389759,0.7731232535739526,0.7791926592089293,0.785262064843906,0.7913314704788829,0.7974008761138596,0.8034702817488363,0.03295215578399326,0.0,0.0,0.016476077891996708,0.06590431156798653,0.03295215578399326,0.04942823367599012,0.06590431156798653,0.08238038945998316,0.13180862313597366,0.11533254524397694,0.09885646735197934,0.08238038945998354,0.18123685681196375,0.16476077891996707,0.1812368568119621,0.24714116837995057,0.24714116837995057,0.39542586940791735,0.5107584146518979,0.4778062588679045,0.7084713493558583,0.7743756609238381,1.0379929071957923,0.7743756609238381,0.8567560503838287,1.0709450629797859,1.1698015303317661,1.3345623092517331,1.2851340755757314,1.680559944983664,1.9112250354716005,2.356079138555529,2.092461892283582,2.389031294339522,2.7844571637474433,2.91626578688339,3.4435002794272798,3.2128351889393576,3.838926148835233,3.8718783046192256,4.316732407703137,4.2673041740271085,4.34968456348713,3.970734771971206,4.234352018243114,4.794538666571041,4.563873576083087,4.580349653975042,4.613301809759077,4.61330180975912,4.580349653975,4.563873576083087,4.794538666571041,4.234352018243154,3.970734771971206,4.349684563487051,4.267304174027225,4.316732407703058,3.8718783046192256,3.838926148835233,3.2128351889393576,3.4435002794273117,2.9162657868833635,2.7844571637474944,2.3890312943394787,2.092461892283582,2.356079138555529,1.911225035471618,1.680559944983664,1.2851340755757195,1.3345623092517576,1.1698015303317446,1.0709450629797859,0.8567560503838287,0.774375660923831,1.0379929071958114,0.774375660923831,0.7084713493558713,0.47780625886789574,0.5107584146518979,0.39542586940792096,0.24714116837995057,0.24714116837995057,0.18123685681196045,0.16476077891996707,0.18123685681196375,0.08238038945998354,0.09885646735198024,0.11533254524397694,0.13180862313597125,0.08238038945998354,0.06590431156798683,0.04942823367599012,0.032952155783993416,0.06590431156798683,0.016476077891996708,0.0,0.0,0.032952155783993416,0.5,0.08489583954721516
1.01,expected,0.25,False,False,100,0,normal,0.2,2.0,1.2,1.5,0.4,0.15838470353842476,0.16521700946765627,0.17204931539688778,0.1788816213261193,0.1857139272553508,0.1925462331845823,0.1993785391138138,0.2062108450430453,0.2130431509722768,0.2198754569015083,0.22670776283073982,0.23354006875997133,0.24037237468920283,0.24720468061843434,0.2540369865476658,0.26086929247689733,0.26770159840612884,0.27453390433536035,0.28136621026459185,0.28819851619382336,0.29503082212305487,0.3018631280522864,0.3086954339815179,0.3155277399107494,0.3223600458399809,0.3291923517692124,0.3360246576984439,0.34285696362767537,0.34968926955690693,0.3565215754861384,0.36335388141536995,0.3701861873446014,0.37701849327383297,0.3838507992030644,0.390683105132296,0.39751541106152743,0.404347716990759,0.41118002291999045,0.41801232884922196,0.42484463477845347,0.431676940707685,0.4385092466369165,0.445341552566148,0.4521738584953795,0.459006164424611,0.4658384703538425,0.472670776283074,0.47950308221230553,0.48633538814153704,0.49316769407076855,0.5,0.5068323059292316,0.5136646118584631,0.5204969177876946,0.527329223716926,0.5341615296461575,0.540993835575389,0.5478261415046206,0.5546584474338521,0.5614907533630835,0.5683230592923151,0.5751553652215466,0.5819876711507781,0.5888199770800095,0.5956522830092411,0.6024845889384727,0.6093168948677041,0.6161492007969356,0.6229815067261671,0.6298138126553987,0.6366461185846302,0.6434784245138616,0.6503107304430932,0.6571430363723247,0.6639753423015562,0.6708076482307876,0.6776399541600191,0.6844722600892508,0.6913045660184822,0.6981368719477137,0.7049691778769451,0.7118014838061768,0.7186337897354083,0.7254660956646397,0.7322984015938712,0.7391307075231028,0.7459630134523343,0.7527953193815657,0.7596276253107972,0.7664599312400286,0.7732922371692603,0.7801245430984918,0.7869568490277232,0.7937891549569547,0.8006214608861864,0.8074537668154178,0.8142860727446493,0.8211183786738807,0.8279506846031124,0.8347829905323438,0.8416152964615753,0.014636346942861195,0.02927269388572239,0.0,0.0,0.014636346942861195,0.014636346942861195,0.029272693885722508,0.0,0.02927269388572239,0.02927269388572239,0.05854538777144478,0.11709077554288956,0.04390904082858359,0.04390904082858376,0.13172712248575075,0.11709077554288956,0.14636346942861195,0.13172712248575075,0.17563616331433435,0.20490885720005672,0.2634542449715015,0.43909040828583584,0.45372675522869704,0.5122721430001418,0.48299944911441944,0.6586356124287538,0.8489081226859562,0.9806352451716921,0.9806352451717081,1.141635061543164,1.1562714084860437,1.4489983473432464,1.4636346942861314,1.8441797148004957,1.9466341434005545,2.561360715000688,2.6784514905436203,3.000451123286545,3.2492690213151856,3.2492690213151856,3.6444503887724378,3.7176321234867435,4.127449837886857,3.9518136745725227,4.595812940058416,4.390904082858358,4.346995042029775,4.522631205344109,4.6250856339441375,4.56654024617273,4.566540246172656,4.6250856339441,4.522631205344147,4.3469950420298105,4.390904082858395,4.595812940058377,3.9518136745724908,4.127449837886891,3.717632123486774,3.644450388772408,3.249269021315159,3.249269021315212,3.0004511232865694,2.678451490543577,2.561360715000688,1.9466341434005545,1.8441797148005254,1.4636346942861076,1.4489983473432464,1.1562714084860437,1.1416350615431825,0.9806352451716921,0.9806352451716921,0.8489081226859562,0.6586356124287591,0.48299944911442333,0.5122721430001294,0.45372675522870076,0.4390904082858394,0.26345424497150366,0.20490885720005172,0.17563616331433576,0.13172712248575183,0.14636346942861314,0.11709077554288672,0.13172712248575183,0.04390904082858394,0.04390904082858394,0.11709077554289052,0.05854538777144336,0.02927269388572263,0.02927269388572263,0.0,0.02927269388572168,0.014636346942861315,0.014636346942861315,0.0,0.0,0.02927269388572263,0.014636346942861315,0.5,0.08579235305272168
1.01,expected,0.25,False,False,100,0,normal,0.2,2.0,1.6,0.5,0.1,0.08843250387694199,0.09666385379940315,0.10489520372186431,0.11312655364432547,0.12135790356678663,0.1295892534892478,0.13782060341170893,0.1460519533341701,0.15428330325663125,0.16251465317909242,0.17074600310155358,0.17897735302401474,0.1872087029464759,0.19544005286893706,0.20367140279139823,0.2119027527138594,0.22013410263632055,0.2283654525587817,0.23659680248124287,0.24482815240370404,0.2530595023261652,0.26129085224862636,0.2695222021710875,0.2777535520935487,0.2859849020160098,0.294216251938471,0.3024476018609321,0.31067895178339333,0.31891030170585444,0.32714165162831566,0.33537300155077676,0.343604351473238,0.3518357013956991,0.3600670513181603,0.3682984012406214,0.3765297511630826,0.38476110108554373,0.39299245100800495,0.40122380093046606,0.4094551508529273,0.4176865007753884,0.4259178506978496,0.4341492006203107,0.4423805505427719,0.45061190046523303,0.45884325038769425,0.46707460031015535,0.47530595023261657,0.4835373001550777,0.4917686500775388,0.5,0.5082313499224611,0.5164626998449223,0.5246940497673834,0.5329253996898446,0.5411567496123058,0.549388099534767,0.5576194494572281,0.5658507993796893,0.5740821493021504,0.5823134992246116,0.5905448491470728,0.5987761990695339,0.6070075489919952,0.6152388989144563,0.6234702488369174,0.6317015987593786,0.6399329486818397,0.6481642986043009,0.656395648526762,0.6646269984492232,0.6728583483716843,0.6810896982941456,0.6893210482166067,0.6975523981390679,0.705783748061529,0.7140150979839902,0.7222464479064513,0.7304777978289125,0.7387091477513736,0.7469404976738349,0.755171847596296,0.7634031975187572,0.7716345474412183,0.7798658973636795,0.7880972472861406,0.7963285972086018,0.8045599471310629,0.8127912970535242,0.8210226469759853,0.8292539968984465,0.8374853468209076,0.8457166967433688,0.8539480466658299,0.8621793965882911,0.8704107465107522,0.8786420964332133,0.8868734463556746,0.8951047962781357,0.9033361462005969,0.911567496123058,0.01214867560509445,0.0,0.0,0.0485947024203778,0.03644602681528335,0.02429735121018898,0.0242973512101889,0.0242973512101889,0.08504072923566114,0.03644602681528335,0.0728920536305667,0.06074337802547225,0.06074337802547225,0.0485947024203778,0.1214867560509445,0.242973512101889,0.18223013407641672,0.1943788096815112,0.2794195389171723,0.34016291694264456,0.36446026815283344,0.4373523217834001,0.5345417266241558,0.6195824558598211,0.728920536305662,0.801812589936239,0.8625559679617001,1.056934777643224,0.9354480215922661,1.0812321288534132,1.4456923970062296,1.372800343375682,1.6886659091081169,1.8101526651590851,1.7737066383437774,1.968085448025314,2.1381669064966085,2.4297351210189064,2.7577493623564213,2.6362626063055132,2.915682145222648,3.0736149280889165,2.684857308725855,3.1951016841398614,3.1222096305092526,2.97642552324816,3.2436963865601958,3.3287371157959016,3.559561952292697,3.3044397645856676,3.304439764585713,3.559561952292649,3.3287371157959016,3.2436963865601958,2.97642552324816,3.1222096305092526,3.1951016841398614,2.684857308725855,3.0736149280889165,2.915682145222648,2.6362626063054777,2.757749362356458,2.429735121018873,2.1381669064966373,1.968085448025314,1.7737066383437774,1.8101526651590851,1.6886659091081169,1.372800343375682,1.4456923970062296,1.0812321288534132,0.9354480215922661,1.056934777643224,0.8625559679617001,0.801812589936239,0.728920536305662,0.6195824558598211,0.5345417266241521,0.4373523217834031,0.364460268152831,0.3401629169426469,0.2794195389171704,0.19437880968151247,0.1822301340764155,0.24297351210189064,0.12148675605094368,0.04859470242037812,0.06074337802547184,0.06074337802547266,0.07289205363056621,0.03644602681528359,0.08504072923566057,0.02429735121018906,0.024297351210188733,0.02429735121018906,0.03644602681528359,0.048594702420377466,0.0,0.0,0.01214867560509453,0.5,0.11571251025111859
1.01,expected,0.25,False,False,100,0,normal,0.2,2.0,1.6,0.5,0.2,0.10029395148388431,0.10828807245420663,0.11628219342452895,0.12427631439485126,0.13227043536517358,0.1402645563354959,0.1482586773058182,0.15625279827614053,0.16424691924646284,0.17224104021678516,0.18023516118710747,0.1882292821574298,0.19622340312775208,0.2042175240980744,0.2122116450683967,0.22020576603871903,0.22819988700904134,0.23619400797936366,0.24418812894968597,0.25218224992000826,0.26017637089033063,0.2681704918606529,0.27616461283097526,0.2841587338012975,0.29215285477161984,0.30014697574194216,0.3081410967122645,0.3161352176825868,0.3241293386529091,0.3321234596232314,0.34011758059355374,0.34811170156387605,0.35610582253419837,0.3640999435045207,0.372094064474843,0.3800881854451653,0.38808230641548763,0.39607642738580995,0.40407054835613226,0.4120646693264546,0.4200587902967769,0.4280529112670992,0.43604703223742153,0.44404115320774384,0.45203527417806616,0.4600293951483885,0.4680235161187108,0.4760176370890331,0.48401175805935537,0.4920058790296777,0.5,0.5079941209703223,0.5159882419406446,0.523982362910967,0.5319764838812893,0.5399706048516115,0.5479647258219339,0.5559588467922563,0.5639529677625785,0.5719470887329008,0.5799412097032232,0.5879353306735455,0.5959294516438678,0.6039235726141902,0.6119176935845124,0.6199118145548347,0.627905935525157,0.6359000564954793,0.6438941774658017,0.651888298436124,0.6598824194064463,0.6678765403767686,0.675870661347091,0.6838647823174132,0.6918589032877356,0.6998530242580578,0.7078471452283802,0.7158412661987025,0.7238353871690248,0.7318295081393471,0.7398236291096695,0.7478177500799917,0.7558118710503141,0.7638059920206364,0.7718001129909587,0.779794233961281,0.7877883549316034,0.7957824759019256,0.803776596872248,0.8117707178425703,0.8197648388128926,0.8277589597832149,0.8357530807535373,0.8437472017238595,0.8517413226941819,0.8597354436645042,0.8677295646348264,0.8757236856051488,0.883717806575471,0.8917119275457934,0.8997060485161157,0.012509192739419864,0.02501838547883973,0.012509192739419864,0.0,0.0,0.0375275782182596,0.012509192739419864,0.05003677095767946,0.05003677095767946,0.10007354191535892,0.012509192739419864,0.12509192739419908,0.11258273465477878,0.11258273465477878,0.27520224026723705,0.2126562765701377,0.22516546930955755,0.40029416766143566,0.30022062574607783,0.3627665894431735,0.5003677095767981,0.56291367327389,0.6880056006680974,0.7755699498440316,0.9006618772382302,0.7880791425834515,0.9882262264141692,0.9506986481959097,1.5886674779063228,1.200882502984307,1.3760112013361852,1.4635755505121242,1.576158285166903,1.5386307069486433,2.1891087293984763,2.214127114877316,1.9764524528283385,2.4392925841868736,2.5268569333628124,2.6894764389752708,2.7895499808906297,2.877114330066569,3.0647522211578666,2.8270775591088895,3.2148625340309054,3.289917690467424,3.252390112249165,3.139807377594408,3.427518810601043,3.289917690467424,3.289917690467447,3.4275188106010197,3.139807377594364,3.2523901122491874,3.289917690467447,3.214862534030883,2.82707755910887,3.0647522211578884,2.877114330066589,2.7895499808906106,2.689476438975252,2.5268569333628306,2.4392925841868567,1.9764524528283525,2.2141271148773316,2.1891087293984612,1.538630706948654,1.576158285166892,1.4635755505121344,1.3760112013361756,1.2008825029843153,1.5886674779063117,0.9506986481959164,0.9882262264141626,0.788079142583457,0.900661877238224,0.775569949844037,0.6880056006680878,0.5629136732738979,0.5003677095767911,0.3627665894431786,0.30022062574607467,0.40029416766143844,0.225165469309556,0.2126562765701392,0.2752022402672351,0.11258273465477957,0.112582734654778,0.12509192739419953,0.012509192739419778,0.10007354191535961,0.05003677095767911,0.050036770957679805,0.012509192739419778,0.037527578218259854,0.0,0.0,0.012509192739419951,0.025018385478839555,0.012509192739419951,0.5,0.11754046683447521
1.01,expected,0.25,False,False,100,0,normal,0.2,2.0,1.6,0.5,0.3,0.015401434330508466,0.025093405643898295,0.03478537695728813,0.04447734827067796,0.05416931958406779,0.06386129089745762,0.07355326221084746,0.08324523352423727,0.0929372048376271,0.10262917615101694,0.11232114746440677,0.12201311877779661,0.13170509009118644,0.14139706140457628,0.1510890327179661,0.16078100403135592,0.17047297534474576,0.1801649466581356,0.18985691797152543,0.19954888928491524,0.20924086059830507,0.2189328319116949,0.22862480322508474,0.23831677453847458,0.24800874585186442,0.2577007171652542,0.26739268847864406,0.27708465979203384,0.2867766311054237,0.2964686024188135,0.30616057373220334,0.3158525450455932,0.325544516358983,0.33523648767237285,0.3449284589857627,0.3546204302991525,0.36431240161254236,0.3740043729259322,0.383696344239322,0.3933883155527118,0.40308028686610164,0.4127722581794915,0.4224642294928813,0.43215620080627115,0.441848172119661,0.4515401434330508,0.46123211474644066,0.4709240860598305,0.48061605737322033,0.4903080286866101,0.49999999999999994,0.5096919713133898,0.5193839426267797,0.5290759139401695,0.5387678852535592,0.5484598565669491,0.5581518278803389,0.5678437991937287,0.5775357705071186,0.5872277418205084,0.5969197131338982,0.6066116844472881,0.6163036557606779,0.6259956270740678,0.6356875983874576,0.6453795697008474,0.6550715410142373,0.6647635123276271,0.6744554836410169,0.6841474549544068,0.6938394262677966,0.7035313975811864,0.7132233688945763,0.7229153402079661,0.7326073115213559,0.7422992828347457,0.7519912541481355,0.7616832254615253,0.7713751967749152,0.781067168088305,0.7907591394016948,0.8004511107150847,0.8101430820284745,0.8198350533418644,0.8295270246552542,0.839218995968644,0.8489109672820339,0.8586029385954237,0.8682949099088135,0.8779868812222034,0.8876788525355932,0.897370823848983,0.9070627951623729,0.9167547664757627,0.9264467377891525,0.9361387091025424,0.9458306804159322,0.9555226517293219,0.9652146230427118,0.9749065943561016,0.9845985656694914,0.010317818405203716,0.0,0.0,0.0,0.0,0.0,0.010317818405203738,0.0,0.0,0.0,0.0,0.0,0.061906910431222255,0.07222472883642617,0.08254254724162967,0.041271273620814834,0.08254254724162967,0.1134960024572408,0.09286036564683363,0.19603854969887044,0.28889891534570383,0.27858109694050015,0.27858109694050015,0.27858109694050015,0.44366619142376074,0.3920770993977409,0.5881156490966147,0.6912938331486485,0.9286036564683338,1.021464022115167,1.0111462037099634,1.0111462037099634,1.19686693500363,1.7024400368586117,1.6508509448325934,1.795300402505445,1.7024400368586117,2.001656770609531,2.259602230739612,2.1564240466875746,2.6413615117321494,2.5691367828957232,2.5485011460853157,2.992167337509075,2.579454601300927,3.260430616044372,3.260430616044372,3.1056633399663163,2.8683535166466476,3.322337526475594,3.322337526475575,2.8683535166466307,3.1056633399663163,3.260430616044409,3.260430616044372,2.579454601300927,2.992167337509075,2.5485011460853157,2.5691367828957232,2.6413615117321494,2.1564240466875746,2.259602230739612,2.0016567706095194,1.7024400368586117,1.795300402505445,1.6508509448325934,1.7024400368586117,1.19686693500363,1.0111462037099634,1.0111462037099634,1.021464022115167,0.9286036564683338,0.6912938331486485,0.5881156490966114,0.39207709939774543,0.44366619142375946,0.27858109694050015,0.27858109694050015,0.27858109694050015,0.28889891534570383,0.19603854969887044,0.09286036564683338,0.1134960024572408,0.08254254724162967,0.041271273620814834,0.08254254724162967,0.07222472883642596,0.061906910431222255,0.0,0.0,0.0,0.0,0.0,0.010317818405203709,0.0,0.0,0.0,0.0,0.0,0.010317818405203709,0.5,0.12228779120710964
1.01,expected,0.25,False,False,100,0,normal,0.2,2.0,1.6,0.5,0.4,7.649444113369402e-13,0.010000000000749645,0.020000000000734347,0.03000000000071905,0.04000000000070375,0.05000000000068845,0.060000000000673154,0.07000000000065786,0.08000000000064256,0.09000000000062726,0.10000000000061196,0.11000000000059666,0.12000000000058136,0.13000000000056605,0.14000000000055077,0.15000000000053548,0.16000000000052017,0.17000000000050486,0.18000000000048957,0.1900000000004743,0.20000000000045898,0.21000000000044367,0.22000000000042838,0.2300000000004131,0.24000000000039778,0.25000000000038247,0.26000000000036716,0.2700000000003519,0.2800000000003366,0.2900000000003213,0.300000000000306,0.3100000000002907,0.3200000000002754,0.3300000000002601,0.3400000000002448,0.3500000000002295,0.3600000000002142,0.3700000000001989,0.38000000000018364,0.3900000000001683,0.400000000000153,0.4100000000001377,0.4200000000001224,0.43000000000010713,0.4400000000000918,0.4500000000000765,0.46000000000006125,0.47000000000004594,0.4800000000000306,0.4900000000000153,0.5,0.5099999999999847,0.5199999999999694,0.5299999999999542,0.5399999999999389,0.5499999999999236,0.5599999999999082,0.5699999999998929,0.5799999999998776,0.5899999999998623,0.5999999999998471,0.6099999999998318,0.6199999999998165,0.6299999999998012,0.6399999999997859,0.6499999999997705,0.6599999999997552,0.6699999999997399,0.6799999999997246,0.6899999999997094,0.6999999999996941,0.7099999999996788,0.7199999999996635,0.7299999999996482,0.7399999999996328,0.7499999999996175,0.7599999999996023,0.769999999999587,0.7799999999995717,0.7899999999995564,0.7999999999995411,0.8099999999995258,0.8199999999995105,0.8299999999994951,0.8399999999994798,0.8499999999994646,0.8599999999994493,0.869999999999434,0.8799999999994187,0.8899999999994034,0.8999999999993881,0.9099999999993728,0.9199999999993576,0.9299999999993422,0.9399999999993269,0.9499999999993116,0.9599999999992963,0.969999999999281,0.9799999999992657,0.9899999999992504,0.9999999999992352,0.010000000000015299,0.0,0.0,0.0,0.010000000000015299,0.0,0.020000000000030597,0.020000000000030597,0.0,0.0500000000000765,0.040000000000061195,0.0,0.020000000000030625,0.030000000000045855,0.07000000000010699,0.07000000000010718,0.07000000000010718,0.07000000000010699,0.10000000000015284,0.1700000000002603,0.2300000000003522,0.24000000000036684,0.2600000000003974,0.35000000000053594,0.44000000000067374,0.4600000000007044,0.5900000000009001,0.7000000000010719,0.9500000000014547,0.6200000000009459,1.0100000000015465,1.210000000001853,1.150000000001761,1.190000000001822,1.520000000002319,1.8400000000028176,1.800000000002756,1.8000000000027463,2.210000000003384,2.150000000003292,2.4600000000037667,2.3700000000036288,2.820000000004302,2.620000000004012,2.9700000000045477,2.9300000000044704,3.1100000000047623,3.190000000004885,3.05000000000467,3.010000000004609,3.010000000004609,3.05000000000467,3.190000000004849,3.1100000000047623,2.9300000000044863,2.9700000000045477,2.620000000004012,2.8200000000043177,2.3700000000036288,2.4600000000037396,2.150000000003292,2.210000000003384,1.800000000002756,1.800000000002756,1.8400000000028176,1.5200000000023275,1.190000000001822,1.150000000001761,1.2100000000018394,1.0100000000015465,0.6200000000009493,0.9500000000014547,0.7000000000010719,0.5900000000009034,0.4600000000007044,0.44000000000066886,0.35000000000053594,0.26000000000039813,0.24000000000036747,0.2300000000003522,0.1700000000002603,0.10000000000015312,0.07000000000010718,0.07000000000010718,0.07000000000010641,0.07000000000010718,0.030000000000045934,0.020000000000030625,0.0,0.04000000000006125,0.05000000000007656,0.0,0.020000000000030625,0.020000000000030625,0.0,0.010000000000015313,0.0,0.0,0.0,0.010000000000015202,0.5,0.12594238606042263
1.01,expected,0.25,False,False,100,0,normal,0.2,2.0,1.6,0.75,0.1,0.07974712216066225,0.08815217971744901,0.09655723727423576,0.10496229483102251,0.11336735238780928,0.12177240994459604,0.1301774675013828,0.13858252505816954,0.1469875826149563,0.15539264017174304,0.1637976977285298,0.1722027552853166,0.1806078128421033,0.1890128703988901,0.19741792795567684,0.20582298551246359,0.21422804306925036,0.22263310062603708,0.23103815818282386,0.23944321573961064,0.24784827329639736,0.25625333085318414,0.2646583884099709,0.27306344596675763,0.2814685035235444,0.28987356108033113,0.2982786186371179,0.3066836761939047,0.3150887337506914,0.3234937913074782,0.33189884886426496,0.3403039064210517,0.34870896397783846,0.35711402153462524,0.36551907909141196,0.37392413664819873,0.38232919420498546,0.39073425176177223,0.399139309318559,0.40754436687534573,0.4159494244321325,0.4243544819889193,0.432759539545706,0.4411645971024928,0.44956965465927956,0.4579747122160663,0.46637976977285306,0.4747848273296398,0.48318988488642656,0.49159494244321333,0.5,0.5084050575567868,0.5168101151135736,0.5252151726703603,0.5336202302271471,0.5420252877839338,0.5504303453407206,0.5588354028975073,0.5672404604542941,0.5756455180110809,0.5840505755678677,0.5924556331246544,0.6008606906814411,0.6092657482382279,0.6176708057950147,0.6260758633518014,0.6344809209085882,0.6428859784653749,0.6512910360221617,0.6596960935789484,0.6681011511357352,0.676506208692522,0.6849112662493086,0.6933163238060954,0.7017213813628822,0.710126438919669,0.7185314964764558,0.7269365540332425,0.7353416115900292,0.743746669146816,0.7521517267036028,0.7605567842603895,0.7689618418171763,0.777366899373963,0.7857719569307497,0.7941770144875365,0.8025820720443233,0.8109871296011101,0.8193921871578969,0.8277972447146835,0.8362023022714703,0.8446073598282571,0.8530124173850439,0.8614174749418306,0.8698225324986173,0.8782275900554041,0.8866326476121908,0.8950377051689776,0.9034427627257644,0.9118478202825511,0.9202528778393378,0.011897598478579581,0.0,0.0,0.0,0.0,0.0237951969571592,0.0,0.0,0.01189759847857964,0.011897598478579562,0.023795196957159124,0.01189759847857964,0.023795196957159124,0.0118975984785796,0.0356927954357388,0.023795196957159124,0.0594879923928982,0.05948799239289781,0.10707838630721606,0.14277118174295567,0.13087358326437518,0.190361575657273,0.21415677261443353,0.33313275740022774,0.35692795435738917,0.6067775224075577,0.49969913610034156,0.761446302629097,0.7376511056719328,0.9399102798077853,1.0945790600293268,1.2254526432936947,1.296838234165172,1.4158142189509773,1.6061757946082407,1.9987965444013793,2.4033148926730714,2.2248509154943776,2.605574066808941,2.6769596576804013,2.7959356424661967,2.9625020211663307,3.497893952702391,3.6168699374881865,3.533586748138153,3.5097915511809705,3.7596411192311656,4.199852262938585,4.06897867967421,3.664460331402553,3.664460331402505,4.06897867967421,4.199852262938585,3.759641119231141,3.509791551181017,3.53358674813813,3.6168699374881865,3.497893952702391,2.9625020211663107,2.7959356424661967,2.6769596576804013,2.605574066808958,2.2248509154943776,2.4033148926730714,1.9987965444013662,1.6061757946082407,1.4158142189509864,1.296838234165172,1.2254526432936947,1.0945790600293195,0.9399102798077853,0.7376511056719425,0.761446302629092,0.49969913610034156,0.6067775224075577,0.35692795435738683,0.33313275740022774,0.21415677261443494,0.190361575657273,0.13087358326437518,0.14277118174295475,0.10707838630721606,0.05948799239289859,0.05948799239289781,0.023795196957159124,0.03569279543573869,0.011897598478579562,0.023795196957159124,0.011897598478579718,0.023795196957159124,0.011897598478579562,0.011897598478579562,0.0,0.0,0.023795196957159124,0.0,0.0,0.0,0.0,0.011897598478579562,0.5,0.09895274712258552
1.01,expected,0.25,False,False,100,0,normal,0.2,2.0,1.6,0.75,0.2,0.07658531985647545,0.08505361345934594,0.09352190706221643,0.10199020066508692,0.11045849426795741,0.1189267878708279,0.12739508147369838,0.13586337507656887,0.14433166867943936,0.15279996228230985,0.16126825588518034,0.16973654948805084,0.17820484309092133,0.18667313669379182,0.1951414302966623,0.2036097238995328,0.2120780175024033,0.22054631110527378,0.22901460470814428,0.23748289831101477,0.24595119191388526,0.25441948551675575,0.26288777911962624,0.27135607272249673,0.2798243663253672,0.2882926599282377,0.2967609535311082,0.3052292471339787,0.3136975407368492,0.3221658343397197,0.3306341279425902,0.33910242154546066,0.34757071514833116,0.35603900875120165,0.36450730235407214,0.37297559595694263,0.3814438895598131,0.3899121831626836,0.3983804767655541,0.4068487703684246,0.4153170639712951,0.4237853575741656,0.43225365117703607,0.44072194477990656,0.44919023838277705,0.45765853198564754,0.46612682558851803,0.4745951191913885,0.483063412794259,0.4915317063971295,0.5,0.5084682936028705,0.516936587205741,0.5254048808086115,0.533873174411482,0.5423414680143525,0.550809761617223,0.5592780552200934,0.5677463488229639,0.5762146424258344,0.5846829360287049,0.5931512296315754,0.6016195232344459,0.6100878168373164,0.6185561104401869,0.6270244040430574,0.6354926976459279,0.6439609912487984,0.6524292848516688,0.6608975784545393,0.6693658720574098,0.6778341656602803,0.6863024592631508,0.6947707528660213,0.7032390464688918,0.7117073400717623,0.7201756336746328,0.7286439272775033,0.7371122208803738,0.7455805144832442,0.7540488080861147,0.7625171016889852,0.7709853952918557,0.7794536888947262,0.7879219824975967,0.7963902761004672,0.8048585697033377,0.8133268633062082,0.8217951569090787,0.8302634505119492,0.8387317441148197,0.8472000377176901,0.8556683313205606,0.8641366249234311,0.8726049185263016,0.8810732121291721,0.8895415057320426,0.8980097993349131,0.9064780929377836,0.9149463865406541,0.9234146801435246,0.01180875447753761,0.01180875447753761,0.0,0.01180875447753761,0.0,0.011808754477537627,0.0,0.01180875447753761,0.0,0.02361750895507522,0.04723501791015044,0.04723501791015044,0.03542626343261283,0.02361750895507522,0.05904377238768804,0.1653225626855265,0.05904377238768804,0.08266128134276325,0.10627879029783846,0.1653225626855265,0.1653225626855265,0.20074882611813935,0.2834101074609026,0.330645125371053,0.3424538798485906,0.5195851970116547,0.5668202149218052,0.6849077596971812,0.755760286562407,0.7911865499950198,1.1100229208885353,1.4997118186472762,1.3107717470066746,1.4524768007371258,1.8539744529734046,1.92482697983863,2.0311057701364685,2.3145158775973713,2.527073458193048,2.503455949237973,2.9639973738619396,2.8577185835641012,3.4953913253511324,2.928571110429327,3.873271468632336,3.648905133559121,3.7788014328120347,4.003167767885249,3.637096379081583,3.814227696244648,3.814227696244648,3.637096379081583,4.003167767885249,3.7788014328120347,3.648905133559121,3.873271468632336,2.928571110429327,3.4953913253511324,2.8577185835641012,2.9639973738619396,2.503455949237973,2.527073458193048,2.3145158775973713,2.0311057701364685,1.92482697983863,1.8539744529734046,1.4524768007371258,1.3107717470066746,1.4997118186472762,1.1100229208885353,0.7911865499950198,0.755760286562407,0.6849077596971812,0.5668202149218052,0.5195851970116547,0.3424538798485906,0.330645125371053,0.2834101074609026,0.20074882611813935,0.1653225626855265,0.1653225626855265,0.10627879029783846,0.08266128134276325,0.05904377238768804,0.1653225626855265,0.05904377238768804,0.02361750895507522,0.03542626343261283,0.04723501791015044,0.04723501791015044,0.02361750895507522,0.0,0.01180875447753761,0.0,0.01180875447753761,0.0,0.01180875447753761,0.0,0.01180875447753761,0.01180875447753761,0.5,0.10269479610534965
1.01,expected,0.25,False,False,100,0,normal,0.2,2.0,1.6,0.75,0.3,0.051258204593180916,0.060233040501317295,0.06920787640945368,0.07818271231759007,0.08715754822572644,0.09613238413386282,0.10510722004199921,0.1140820559501356,0.12305689185827198,0.13203172776640837,0.14100656367454475,0.1499813995826811,0.1589562354908175,0.16793107139895389,0.17690590730709027,0.18588074321522666,0.19485557912336304,0.20383041503149943,0.21280525093963581,0.2217800868477722,0.2307549227559086,0.23972975866404495,0.24870459457218133,0.2576794304803177,0.2666542663884541,0.2756291022965905,0.28460393820472685,0.29357877411286326,0.3025536100209996,0.31152844592913603,0.3205032818372724,0.3294781177454088,0.33845295365354516,0.3474277895616815,0.35640262546981794,0.3653774613779543,0.3743522972860907,0.38332713319422707,0.3923019691023635,0.40127680501049984,0.41025164091863625,0.4192264768267726,0.42820131273490897,0.4371761486430454,0.44615098455118174,0.45512582045931815,0.4641006563674545,0.4730754922755909,0.4820503281837273,0.49102516409186364,0.5,0.5089748359081364,0.5179496718162728,0.5269245077244091,0.5358993436325455,0.544874179540682,0.5538490154488183,0.5628238513569547,0.5717986872650911,0.5807735231732274,0.5897483590813638,0.5987231949895002,0.6076980308976366,0.6166728668057729,0.6256477027139093,0.6346225386220458,0.6435973745301821,0.6525722104383185,0.6615470463464549,0.6705218822545913,0.6794967181627276,0.688471554070864,0.6974463899790004,0.7064212258871367,0.7153960617952732,0.7243708977034096,0.733345733611546,0.7423205695196823,0.7512954054278187,0.7602702413359551,0.7692450772440915,0.7782199131522278,0.7871947490603642,0.7961695849685007,0.805144420876637,0.8141192567847734,0.8230940926929098,0.8320689286010462,0.8410437645091825,0.8500186004173189,0.8589934363254553,0.8679682722335916,0.876943108141728,0.8859179440498645,0.8948927799580009,0.9038676158661372,0.9128424517742736,0.92181728768241,0.9307921235905463,0.9397669594986827,0.9487417954068191,0.011142264997774758,0.0,0.0,0.0,0.0,0.011142264997774749,0.0,0.0,0.011142264997774749,0.0,0.0,0.022284529995549498,0.033426794993324245,0.05571132498887374,0.06685358998664849,0.11142264997774748,0.08913811998219799,0.06685358998664849,0.06685358998664849,0.16713397496662125,0.1337071799732974,0.16713397496662125,0.16713397496662125,0.34541021493101826,0.389979274922115,0.47911739490431565,0.5348287198931863,0.6796781648642617,0.5571132498887357,0.9359502598130818,0.9470925248108506,1.1142264997774782,1.2479336797507756,1.6044861596795588,1.6601974846684424,1.8719005196261518,1.7939046646417398,2.094745819581646,2.261879794548281,2.440156034512662,2.5850054794837494,2.8858466344236686,3.11983419937692,3.0529806093902905,3.5989515942812322,3.465244414307958,3.231256849354667,3.888650484223399,3.9889308692033723,3.754943304250102,3.754943304250079,3.9889308692033474,3.888650484223423,3.231256849354667,3.4652444143079357,3.5989515942812775,3.052980609390272,3.11983419937692,2.8858466344236864,2.5850054794837334,2.440156034512662,2.261879794548267,2.0947458195816724,1.793904664641729,1.8719005196261518,1.660197484668453,1.6044861596795588,1.247933679750768,1.1142264997774713,0.9470925248108624,0.9359502598130759,0.5571132498887357,0.6796781648642659,0.5348287198931863,0.4791173949043127,0.389979274922115,0.34541021493102037,0.16713397496662072,0.16713397496662072,0.13370717997329656,0.16713397496662277,0.06685358998664828,0.06685358998664828,0.08913811998219881,0.11142264997774715,0.06685358998664828,0.05571132498887357,0.03342679499332456,0.02228452999554943,0.0,0.0,0.011142264997774714,0.0,0.0,0.011142264997774851,0.0,0.0,0.0,0.0,0.011142264997774714,0.5,0.10654420047709741
1.01,expected,0.25,False,False,100,0,normal,0.2,2.0,1.6,0.75,0.4,0.04373924814258894,0.05286446317973716,0.061989678216885384,0.07111489325403361,0.08024010829118183,0.08936532332833005,0.09849053836547828,0.1076157534026265,0.11674096843977472,0.12586618347692294,0.13499139851407116,0.14411661355121938,0.1532418285883676,0.16236704362551582,0.17149225866266404,0.18061747369981226,0.18974268873696049,0.1988679037741087,0.20799311881125693,0.21711833384840515,0.22624354888555337,0.2353687639227016,0.2444939789598498,0.253619193996998,0.26274440903414625,0.27186962407129445,0.2809948391084427,0.2901200541455909,0.29924526918273914,0.3083704842198874,0.3174956992570356,0.3266209142941838,0.335746129331332,0.34487134436848027,0.35399655940562846,0.36312177444277666,0.3722469894799249,0.38137220451707315,0.39049741955422135,0.39962263459136954,0.4087478496285178,0.41787306466566604,0.42699827970281423,0.4361234947399624,0.4452487097771107,0.4543739248142589,0.4634991398514071,0.4726243548885553,0.48174956992570356,0.4908747849628518,0.5,0.5091252150371481,0.5182504300742964,0.5273756451114446,0.5365008601485929,0.545626075185741,0.5547512902228893,0.5638765052600375,0.5730017202971858,0.5821269353343339,0.5912521503714822,0.6003773654086304,0.6095025804457785,0.6186277954829268,0.627753010520075,0.6368782255572233,0.6460034405943715,0.6551286556315197,0.6642538706686679,0.6733790857058162,0.6825043007429643,0.6916295157801126,0.7007547308172608,0.7098799458544091,0.7190051608915573,0.7281303759287054,0.7372555909658537,0.7463808060030019,0.7555060210401501,0.7646312360772983,0.7737564511144466,0.7828816661515948,0.7920068811887431,0.8011320962258912,0.8102573112630395,0.8193825263001877,0.8285077413373358,0.8376329563744841,0.8467581714116323,0.8558833864487806,0.8650086014859288,0.874133816523077,0.8832590315602252,0.8923842465973735,0.9015094616345216,0.9106346766716699,0.9197598917088181,0.9288851067459664,0.9380103217831146,0.9471355368202627,0.956260751857411,0.010958645861265276,0.010958645861265276,0.0,0.0,0.0,0.0,0.0,0.0,0.0,0.0,0.032875937583795825,0.032875937583795825,0.0438345834450611,0.010958645861265276,0.0438345834450611,0.0438345834450611,0.0876691668901222,0.12054510447391802,0.15342104205771384,0.15342104205771384,0.24109020894783603,0.1753383337802444,0.3068420841154286,0.28492479239289625,0.44930448031187764,0.5150563554794663,0.46026312617314286,0.5698495847857925,0.8218984395948932,0.9534021899300819,0.964360835791347,1.2054510447391766,1.172575107155381,1.5561277122996737,1.4684585454095513,1.731466046079908,2.180770526391783,2.3451502143107756,2.454736672923429,2.641033652564923,2.50952990222974,2.8602065697902455,2.84924792392898,2.684868236009984,3.134172716321859,3.4519734462985716,3.3971802169922456,3.5506012590499383,3.4958080297436123,3.6163531342175514,3.6163531342175737,3.4958080297436123,3.5506012590499383,3.3971802169922243,3.451973446298593,3.134172716321859,2.684868236009984,2.8492479239289628,2.8602065697902628,2.50952990222974,2.641033652564923,2.454736672923444,2.345150214310762,2.180770526391783,1.731466046079908,1.4684585454095422,1.556127712299683,1.172575107155381,1.2054510447391766,0.964360835791353,0.953402189930076,0.8218984395948932,0.5698495847857925,0.46026312617314014,0.5150563554794726,0.44930448031187487,0.28492479239289625,0.3068420841154305,0.17533833378024385,0.2410902089478353,0.1534210420577134,0.1534210420577134,0.12054510447391913,0.08766916689012193,0.043834583445060964,0.0438345834450615,0.010958645861265241,0.043834583445060964,0.03287593758379572,0.03287593758379572,0.0,0.0,0.0,0.0,0.0,0.0,0.0,0.0,0.010958645861265374,0.010958645861265241,0.5,0.11132487873688066
1.01,expected,0.25,False,False,100,0,normal,0.2,2.0,1.6,1.0,0.1,0.17474056650682807,0.1812457551766915,0.18775094384655494,0.19425613251641838,0.20076132118628182,0.20726650985614525,0.2137716985260087,0.22027688719587213,0.22678207586573557,0.233287264535599,0.23979245320546244,0.24629764187532588,0.2528028305451893,0.25930801921505275,0.2658132078849162,0.27231839655477963,0.27882358522464307,0.2853287738945065,0.29183396256436994,0.2983391512342334,0.3048443399040968,0.31134952857396025,0.3178547172438237,0.32435990591368713,0.33086509458355057,0.337370283253414,0.34387547192327744,0.3503806605931409,0.3568858492630043,0.36339103793286776,0.3698962266027312,0.37640141527259463,0.38290660394245807,0.3894117926123215,0.39591698128218494,0.4024221699520484,0.4089273586219118,0.41543254729177526,0.4219377359616387,0.42844292463150213,0.43494811330136557,0.441453301971229,0.44795849064109244,0.4544636793109559,0.4609688679808193,0.46747405665068276,0.4739792453205462,0.48048443399040963,0.48698962266027307,0.4934948113301365,0.49999999999999994,0.5065051886698634,0.5130103773397268,0.5195155660095903,0.5260207546794538,0.5325259433493171,0.5390311320191805,0.545536320689044,0.5520415093589075,0.5585466980287709,0.5650518866986343,0.5715570753684978,0.5780622640383613,0.5845674527082246,0.591072641378088,0.5975778300479515,0.604083018717815,0.6105882073876784,0.6170933960575418,0.6235985847274053,0.6301037733972688,0.6366089620671321,0.6431141507369955,0.649619339406859,0.6561245280767225,0.6626297167465859,0.6691349054164493,0.6756400940863128,0.6821452827561763,0.6886504714260395,0.695155660095903,0.7016608487657665,0.70816603743563,0.7146712261054933,0.7211764147753568,0.7276816034452203,0.7341867921150838,0.740691980784947,0.7471971694548105,0.753702358124674,0.7602075467945375,0.7667127354644008,0.7732179241342643,0.7797231128041278,0.7862283014739913,0.7927334901438545,0.799238678813718,0.8057438674835815,0.812249056153445,0.8187542448233083,0.8252594334931719,0.015372344304673222,0.015372344304673222,0.015372344304673222,0.0,0.015372344304673222,0.0,0.030744688609346444,0.07686172152336612,0.06148937721869289,0.046117032914019675,0.09223406582803935,0.10760641013271256,0.07686172152336612,0.06148937721869289,0.21521282026542513,0.1844681316560787,0.23058516457009837,0.2613298531794448,0.3074468860934645,0.2920745417887913,0.46117032914019673,0.5072873620542164,0.4919150177495431,0.7378725266243148,0.8147342481476809,0.830106592452354,1.1529258228504917,1.0145747241084329,1.4142556760299367,1.3527662988112437,1.6294684962953618,1.721702562123401,1.7524472507327475,2.321223990005657,2.4288304001383696,2.613298531794448,2.7977666634505267,2.997607139411279,3.074468860934645,3.504894501465495,3.3357987141140897,4.24276702808981,3.7815966989496133,4.135160617957098,4.089043585043077,3.72010732173092,4.181277650871117,4.67319266862066,4.411862815441215,4.565586258487947,4.565586258487947,4.411862815441253,4.6731926686206195,4.181277650871081,3.7201073217309517,4.089043585043113,4.135160617957062,3.7815966989495804,4.242767028089847,3.335798714114118,3.5048945014654653,3.0744688609346187,2.997607139411304,2.7977666634505507,2.6132985317944257,2.4288304001383487,2.321223990005677,1.7524472507327624,1.7217025621233863,1.6294684962953478,1.3527662988112552,1.4142556760299487,1.0145747241084242,1.152925822850482,0.8301065924523611,0.8147342481476879,0.7378725266243085,0.49191501774953894,0.5072873620542294,0.46117032914019285,0.2920745417887887,0.3074468860934619,0.2613298531794515,0.23058516457009642,0.18446813165607712,0.2152128202654233,0.06148937721869447,0.07686172152336547,0.10760641013271165,0.09223406582803856,0.046117032914020854,0.06148937721869237,0.07686172152336547,0.030744688609346184,0.0,0.015372344304673092,0.0,0.015372344304673092,0.015372344304673618,0.01537234430467283,0.5,0.08871081596988031
1.01,expected,0.25,False,False,100,0,normal,0.2,2.0,1.6,1.0,0.2,0.15671693495385008,0.1635825962547731,0.1704482575556961,0.17731391885661907,0.18417958015754207,0.19104524145846508,0.19791090275938808,0.20477656406031108,0.21164222536123406,0.21850788666215706,0.22537354796308007,0.23223920926400307,0.23910487056492608,0.24597053186584905,0.2528361931667721,0.25970185446769506,0.26656751576861804,0.27343317706954107,0.28029883837046404,0.287164499671387,0.29403016097231005,0.3008958222732331,0.30776148357415606,0.31462714487507903,0.32149280617600207,0.32835846747692504,0.335224128777848,0.34208979007877105,0.3489554513796941,0.35582111268061706,0.36268677398154003,0.36955243528246307,0.37641809658338604,0.383283757884309,0.39014941918523205,0.397015080486155,0.403880741787078,0.41074640308800103,0.417612064388924,0.42447772568984704,0.43134338699077,0.43820904829169305,0.445074709592616,0.451940370893539,0.45880603219446203,0.465671693495385,0.47253735479630804,0.479403016097231,0.48626867739815405,0.493134338699077,0.5,0.506865661300923,0.5137313226018461,0.5205969839027691,0.527462645203692,0.5343283065046149,0.541193967805538,0.548059629106461,0.554925290407384,0.5617909517083071,0.56865661300923,0.575522274310153,0.5823879356110759,0.589253596911999,0.596119258212922,0.602984919513845,0.6098505808147681,0.616716242115691,0.623581903416614,0.6304475647175369,0.63731322601846,0.644178887319383,0.651044548620306,0.657910209921229,0.664775871222152,0.671641532523075,0.6785071938239979,0.685372855124921,0.692238516425844,0.699104177726767,0.70596983902769,0.712835500328613,0.719701161629536,0.7265668229304589,0.733432484231382,0.740298145532305,0.7471638068332279,0.754029468134151,0.760895129435074,0.767760790735997,0.7746264520369199,0.781492113337843,0.788357774638766,0.7952234359396889,0.802089097240612,0.808954758541535,0.815820419842458,0.8226860811433809,0.829551742444304,0.836417403745227,0.8432830650461499,0.029130478658059122,0.014565239329029561,0.0,0.04369571798708869,0.014565239329029561,0.014565239329029561,0.029130478658059122,0.0,0.04369571798708869,0.0728261966451478,0.04369571798708869,0.058260957316118245,0.17478287194835546,0.10195667530320653,0.10195667530320734,0.13108715396126658,0.10195667530320653,0.3641309832257405,0.26217430792253316,0.37869622255476704,0.30587002590961954,0.4806528978579775,0.3786962225547701,0.5097833765160326,0.8739143597417773,0.8884795990708068,0.990436274374006,1.0195667530320651,1.034131992361103,1.3254367789416954,1.3691324969287733,1.7186982408254954,1.733263480154525,1.9517420700899533,2.2284816173415316,2.548916882580184,2.854786908489783,2.8839173871478647,3.21891789171552,2.956743583793013,3.568483635612228,3.6267445929283757,4.1510932087734425,3.743266507560582,3.859788422192849,4.136527969444379,4.22391940541859,3.830657943534759,4.107397490786353,4.325876080721797,4.325876080721763,4.10739749078632,3.830657943534759,4.223919405418624,4.136527969444446,3.859788422192818,3.743266507560582,4.151093208773408,3.6267445929283464,3.568483635612286,2.956743583792989,3.2189178917155723,2.8839173871478416,2.854786908489783,2.548916882580163,2.228481617341514,1.951742070089985,1.7332634801545108,1.7186982408255091,1.3691324969287733,1.3254367789416848,1.0341319923610948,1.0195667530320818,0.990436274374006,0.8884795990707997,0.8739143597417842,0.5097833765160326,0.37869622255476704,0.4806528978579736,0.30587002590962453,0.37869622255476704,0.26217430792253105,0.36413098322574344,0.10195667530320653,0.13108715396126552,0.10195667530320816,0.10195667530320653,0.174782871948354,0.058260957316118016,0.04369571798708922,0.07282619664514751,0.0436957179870885,0.0,0.029130478658059008,0.014565239329029504,0.014565239329029504,0.04369571798708922,0.0,0.014565239329029504,0.02913047865805948,0.5,0.0923243750752466
1.01,expected,0.25,False,False,100,0,normal,0.2,2.0,1.6,1.0,0.3,0.14285636481299624,0.1499992375167363,0.1571421102204764,0.16428498292421645,0.17142785562795654,0.1785707283316966,0.1857136010354367,0.19285647373917675,0.19999934644291684,0.2071422191466569,0.21428509185039696,0.22142796455413705,0.22857083725787714,0.2357137099616172,0.24285658266535726,0.24999945536909735,0.25714232807283743,0.26428520077657747,0.27142807348031756,0.27857094618405764,0.2857138188877977,0.2928566915915378,0.29999956429527785,0.30714243699901794,0.31428530970275803,0.32142818240649806,0.32857105511023815,0.33571392781397824,0.3428568005177183,0.3499996732214584,0.35714254592519845,0.36428541862893854,0.37142829133267863,0.37857116403641866,0.38571403674015875,0.39285690944389884,0.39999978214763887,0.40714265485137896,0.41428552755511905,0.42142840025885914,0.42857127296259917,0.43571414566633926,0.44285701837007935,0.44999989107381944,0.45714276377755947,0.46428563648129956,0.47142850918503965,0.47857138188877973,0.48571425459251977,0.49285712729625986,0.49999999999999994,0.5071428727037399,0.5142857454074801,0.5214286181112202,0.5285714908149602,0.5357143635187003,0.5428572362224404,0.5500001089261805,0.5571429816299205,0.5642858543336606,0.5714287270374007,0.5785715997411407,0.5857144724448808,0.5928573451486209,0.6000002178523609,0.607143090556101,0.6142859632598411,0.6214288359635811,0.6285717086673213,0.6357145813710614,0.6428574540748014,0.6500003267785415,0.6571431994822815,0.6642860721860216,0.6714289448897617,0.6785718175935018,0.6857146902972419,0.6928575630009819,0.700000435704722,0.7071433084084621,0.7142861811122021,0.7214290538159422,0.7285719265196823,0.7357147992234223,0.7428576719271625,0.7500005446309025,0.7571434173346426,0.7642862900383827,0.7714291627421227,0.7785720354458628,0.7857149081496029,0.7928577808533429,0.800000653557083,0.8071435262608231,0.8142863989645632,0.8214292716683033,0.8285721443720433,0.8357150170757834,0.8428578897795235,0.8500007624832635,0.8571436351870036,0.013999969500735924,0.0,0.02799993900147185,0.01399996950073587,0.013999969500735924,0.01399996950073587,0.04199990850220777,0.02799993900147174,0.06999984750367962,0.02799993900147185,0.05599987800294348,0.04199990850220761,0.15399966450809516,0.09799978650515147,0.20999954251103806,0.16799963400883045,0.23799948151251166,0.25199945101324567,0.20999954251103806,0.39199914602060737,0.3639992070191298,0.5179988715272312,0.5739987495301707,0.6159986580323783,0.629998627533119,0.853998139544888,1.0079978040529827,0.9519979260500466,1.049997712555182,1.2459972855655022,1.5819965535831533,1.4279968890750587,1.8759959130986212,1.7779961265934554,1.9179958216008142,2.2679950591192286,2.659994205139815,2.6179942966376077,3.023993412158948,3.275992863172219,3.2759928631721933,3.2479929241707217,3.5979921616891186,3.5279923141854668,3.8359916432016283,3.639992070191326,3.9899913077097224,4.157990941718586,3.975991338208987,4.43799033173327,4.43799033173334,3.975991338208956,4.157990941718521,3.989991307709754,3.6399920701913544,3.835991643201598,3.5279923141854668,3.5979921616891466,3.247992924170697,3.275992863172219,3.275992863172219,3.0239934121589247,2.6179942966376277,2.659994205139836,2.2679950591191935,1.917995821600829,1.7779961265934694,1.8759959130985921,1.4279968890750476,1.5819965535831655,1.2459972855655022,1.0499977125551985,0.9519979260500316,1.0079978040529904,0.8539981395448815,0.629998627533119,0.6159986580323831,0.5739987495301663,0.5179988715272312,0.3639992070191354,0.3919991460206013,0.2099995425110397,0.2519994510132476,0.2379994815125079,0.16799963400883175,0.20999954251103642,0.09799978650515184,0.15399966450809577,0.041999908502207285,0.05599987800294391,0.027999939001471956,0.0699998475036788,0.027999939001471956,0.041999908502207285,0.013999969500735978,0.013999969500735978,0.013999969500735761,0.027999939001471956,0.0,0.013999969500735761,0.5,0.097308015673554
1.01,expected,0.25,False,False,100,0,normal,0.2,2.0,1.6,1.0,0.4,0.07714202656122832,0.08559918603000374,0.09405634549877918,0.10251350496755461,0.11097066443633005,0.11942782390510548,0.1278849833738809,0.13634214284265633,0.1447993023114318,0.1532564617802072,0.16171362124898264,0.17017078071775807,0.1786279401865335,0.18708509965530895,0.19554225912408435,0.2039994185928598,0.21245657806163523,0.22091373753041066,0.22937089699918609,0.23782805646796154,0.24628521593673697,0.25474237540551237,0.2631995348742878,0.2716566943430633,0.2801138538118387,0.28857101328061413,0.29702817274938953,0.305485332218165,0.31394249168694044,0.32239965115571584,0.3308568106244913,0.3393139700932667,0.34777112956204215,0.3562282890308176,0.364685448499593,0.37314260796836846,0.38159976743714386,0.3900569269059193,0.39851408637469476,0.40697124584347016,0.4154284053122456,0.423885564781021,0.4323427242497965,0.4407998837185719,0.4492570431873473,0.4577142026561228,0.4661713621248982,0.47462852159367364,0.48308568106244903,0.4915428405312245,0.49999999999999994,0.5084571594687753,0.5169143189375508,0.5253714784063261,0.5338286378751016,0.542285797343877,0.5507429568126525,0.559200116281428,0.5676572757502034,0.5761144352189789,0.5845715946877543,0.5930287541565298,0.601485913625305,0.6099430730940805,0.6184002325628559,0.6268573920316314,0.6353145515004068,0.6437717109691823,0.6522288704379577,0.6606860299067332,0.6691431893755087,0.6776003488442841,0.6860575083130593,0.6945146677818348,0.7029718272506102,0.7114289867193857,0.7198861461881612,0.7283433056569366,0.7368004651257121,0.7452576245944875,0.753714784063263,0.7621719435320384,0.7706291030008137,0.7790862624695891,0.7875434219383646,0.79600058140714,0.8044577408759155,0.8129149003446909,0.8213720598134664,0.8298292192822418,0.8382863787510173,0.8467435382197928,0.855200697688568,0.8636578571573434,0.8721150166261189,0.8805721760948944,0.8890293355636698,0.8974864950324453,0.9059436545012207,0.9144008139699962,0.9228579734387716,0.011824301098874718,0.0,0.0,0.0,0.0,0.0,0.011824301098874718,0.0,0.0,0.023648602197749356,0.023648602197749436,0.03547290329662415,0.04729720439549871,0.047297204395499025,0.04729720439549871,0.08277010769212302,0.05912150549437358,0.023648602197749436,0.11824301098874677,0.1418916131864966,0.15371591428537182,0.22466172087861888,0.35472903296624037,0.3310804307684932,0.42567483955948837,0.390201936262867,0.626687958240358,0.5675664527459846,0.6739851626358611,0.9459440879099742,1.1351329054919765,1.2770245186784652,1.3479703252717135,1.4780376373593445,1.6790507560402042,2.0574283912042075,2.0219554879075696,2.1165498966985674,2.459454628565949,2.5776976395546796,2.707764951642319,3.2043855977950377,2.95607527471867,3.4881688241680533,3.712830545046649,4.008438072518542,3.677357641750025,3.9020193626286694,4.02026237361739,3.9256679648263932,3.9256679648264186,4.02026237361739,3.9020193626286948,3.677357641750025,4.0084380725185165,3.712830545046649,3.4881688241680298,2.95607527471867,3.2043855977950377,2.7077649516423015,2.5776976395546796,2.4594546285659975,2.1165498966985674,2.0219554879075696,2.057428391204194,1.6790507560402042,1.478037637359335,1.3479703252717135,1.2770245186784652,1.1351329054919692,0.9459440879099742,0.6739851626358744,0.5675664527459846,0.626687958240358,0.39020193626286437,0.42567483955948837,0.331080430768491,0.35472903296624037,0.22466172087861888,0.15371591428537082,0.14189161318649615,0.1182430109887499,0.023648602197749356,0.05912150549437339,0.08277010769212274,0.04729720439549871,0.04729720439549871,0.04729720439549871,0.03547290329662404,0.023648602197749356,0.023648602197749356,0.0,0.0,0.011824301098874678,0.0,0.0,0.0,0.0,0.0,0.011824301098874678,0.5,0.1006029073149049
1.01,expected,0.25,False,False,100,0,normal,0.2,2.0,1.6,1.25,0.1,0.17571619793665244,0.1822018739779194,0.18868755001918636,0.1951732260604533,0.20165890210172024,0.2081445781429872,0.21463025418425416,0.22111593022552112,0.22760160626678805,0.234087282308055,0.24057295834932196,0.24705863439058892,0.2535443104318559,0.2600299864731228,0.2665156625143898,0.2730013385556567,0.2794870145969237,0.28597269063819064,0.29245836667945757,0.29894404272072456,0.3054297187619915,0.31191539480325847,0.3184010708445254,0.32488674688579233,0.3313724229270593,0.33785809896832625,0.34434377500959323,0.35082945105086016,0.3573151270921271,0.3638008031333941,0.370286479174661,0.376772155215928,0.3832578312571949,0.38974350729846186,0.39622918333972884,0.40271485938099577,0.40920053542226276,0.4156862114635297,0.4221718875047966,0.4286575635460636,0.43514323958733053,0.4416289156285975,0.44811459166986445,0.4546002677111314,0.46108594375239836,0.4675716197936653,0.4740572958349323,0.4805429718761992,0.4870286479174662,0.4935143239587331,0.5,0.506485676041267,0.512971352082534,0.5194570281238009,0.5259427041650679,0.5324283802063348,0.5389140562476018,0.5453997322888687,0.5518854083301357,0.5583710843714027,0.5648567604126695,0.5713424364539366,0.5778281124952035,0.5843137885364704,0.5907994645777375,0.5972851406190043,0.6037708166602713,0.6102564927015383,0.6167421687428052,0.6232278447840722,0.629713520825339,0.6361991968666061,0.642684872907873,0.64917054894914,0.655656224990407,0.6621419010316738,0.6686275770729408,0.6751132531142078,0.6815989291554747,0.6880846051967417,0.6945702812380086,0.7010559572792756,0.7075416333205427,0.7140273093618095,0.7205129854030765,0.7269986614443433,0.7334843374856104,0.7399700135268774,0.7464556895681442,0.7529413656094113,0.7594270416506781,0.7659127176919451,0.7723983937332122,0.778884069774479,0.785369745815746,0.7918554218570129,0.7983410978982799,0.8048267739395469,0.8113124499808138,0.8177981260220808,0.8242838020633476,0.01541859312178431,0.0,0.0,0.0,0.0,0.01541859312178431,0.0,0.0,0.06167437248713724,0.046255779365352925,0.03083718624356862,0.01541859312178431,0.07709296560892187,0.10793015185248969,0.12334874497427499,0.09251155873070545,0.1850231174614125,0.21586030370498124,0.2466974899485479,0.370046234922825,0.3854648280446061,0.3237904555574719,0.47797638677531556,0.4008834211663903,0.5550693523842375,0.9405341804288387,0.7246738767238656,1.110138704768475,1.0947201116466814,1.5418593121784376,1.3722547878387976,1.7885568021269875,1.9735799195883998,2.4515563063636945,2.343626154511225,2.5749050513379688,2.636579423825128,2.8061839481647564,3.1299744037222013,3.3304161143054247,3.7158809423500023,3.9471598391767997,3.870066873567878,4.07050858415104,4.1321829566382124,4.57932215716992,4.903112612727432,4.779763867753116,4.702670902144234,4.82601964711855,4.826019647118427,4.702670902144234,4.779763867753156,4.903112612727347,4.579322157170038,4.132182956638141,4.070508584151075,3.870066873567878,3.947159839176732,3.715880942350098,3.330416114305368,3.129974403722228,2.8061839481647564,2.636579423825083,2.5749050513380345,2.3436261545111847,2.451556306363716,1.9735799195883998,1.788556802126957,1.372254787838833,1.541859312178411,1.0947201116466905,1.110138704768475,0.7246738767238532,0.9405341804288629,0.555069352384228,0.40088342116639375,0.47797638677531556,0.32379045555746633,0.38546482804461596,0.3700462349228187,0.24669748994854576,0.21586030370498493,0.18502311746140934,0.09251155873070782,0.12334874497427288,0.10793015185248878,0.07709296560892319,0.01541859312178411,0.03083718624356928,0.046255779365352336,0.06167437248713644,0.0,0.0,0.01541859312178464,0.0,0.0,0.0,0.0,0.01541859312178464,0.5,0.08318560365951005
1.01,expected,0.25,False,False,100,0,normal,0.2,2.0,1.6,1.25,0.2,0.16382329929755138,0.17054683331160034,0.17727036732564933,0.18399390133969828,0.19071743535374727,0.19744096936779623,0.20416450338184522,0.21088803739589418,0.21761157140994317,0.22433510542399213,0.2310586394380411,0.23778217345209007,0.24450570746613903,0.251229241480188,0.257952775494237,0.26467630950828597,0.2713998435223349,0.27812337753638394,0.2848469115504329,0.29157044556448186,0.2982939795785308,0.3050175135925798,0.3117410476066288,0.31846458162067776,0.3251881156347267,0.33191164964877573,0.33863518366282463,0.34535871767687365,0.3520822516909226,0.35880578570497157,0.3655293197190206,0.37225285373306954,0.3789763877471185,0.38569992176116746,0.3924234557752164,0.39914698978926544,0.4058705238033144,0.41259405781736336,0.4193175918314124,0.4260411258454613,0.4327646598595103,0.4394881938735593,0.4462117278876082,0.4529352619016572,0.45965879591570613,0.46638232992975515,0.47310586394380416,0.47982939795785307,0.4865529319719021,0.493276465985951,0.5,0.506723534014049,0.5134470680280979,0.5201706020421469,0.526894136056196,0.5336176700702449,0.5403412040842939,0.5470647380983428,0.5537882721123918,0.5605118061264408,0.5672353401404897,0.5739588741545387,0.5806824081685877,0.5874059421826366,0.5941294761966857,0.6008530102107346,0.6075765442247836,0.6143000782388326,0.6210236122528815,0.6277471462669305,0.6344706802809794,0.6411942142950284,0.6479177483090774,0.6546412823231264,0.6613648163371754,0.6680883503512243,0.6748118843652733,0.6815354183793223,0.6882589523933712,0.6949824864074202,0.7017060204214691,0.7084295544355181,0.7151530884495672,0.7218766224636161,0.7286001564776651,0.735323690491714,0.742047224505763,0.748770758519812,0.7554942925338609,0.7622178265479099,0.7689413605619589,0.7756648945760078,0.7823884285900569,0.7891119626041058,0.7958354966181548,0.8025590306322038,0.8092825646462527,0.8160060986603017,0.8227296326743506,0.8294531666883996,0.8361767007024486,0.014873130676672116,0.0,0.014873130676672116,0.014873130676672057,0.014873130676672116,0.014873130676672057,0.014873130676672116,0.044619392030016164,0.014873130676672116,0.044619392030016164,0.014873130676672116,0.029746261353344232,0.11898504541337693,0.07436565338335997,0.04461939203001635,0.014873130676672116,0.07436565338335997,0.22309696015008176,0.29746261353344233,0.3420820055634587,0.37182826691680293,0.32720887488678385,0.4461939203001635,0.41644765894681934,0.6395446190968958,0.803149056540301,0.9816266246603517,0.9370072326303435,0.9072609712769992,1.3385817609004795,1.5616787210505723,1.5468055903739002,1.5170593290205558,2.186350209470801,2.082238294734079,2.2458427321774894,2.4838128230042433,3.227469356837823,3.391073794281271,3.197723095484479,3.8223945839047024,3.3315812715745814,4.134730328114815,4.060364674731521,4.25371537352819,4.357827288264894,4.2537153735282605,4.417319810971582,4.8188943392418055,4.878386861948414,4.878386861948414,4.8188943392418055,4.417319810971582,4.25371537352819,4.357827288264966,4.25371537352819,4.060364674731521,4.134730328114815,3.3315812715745268,3.822394583904766,3.197723095484479,3.391073794281215,3.227469356837876,2.4838128230042233,2.245842732177508,2.082238294734079,2.186350209470783,1.5170593290205685,1.5468055903738873,1.5616787210505851,1.3385817609004795,0.9072609712769916,0.937007232630351,0.9816266246603517,0.803149056540301,0.6395446190968958,0.41644765894681585,0.44619392030016714,0.32720887488678385,0.371828266916806,0.34208200556345586,0.2974626135334399,0.22309696015008357,0.07436565338335997,0.01487313067667224,0.044619392030015984,0.07436565338335997,0.11898504541337793,0.02974626135334399,0.014873130676671995,0.04461939203001672,0.014873130676671995,0.04461939203001672,0.014873130676671995,0.014873130676671995,0.01487313067667224,0.014873130676671995,0.01487313067667224,0.0,0.014873130676671995,0.5,0.08553248944494854
1.01,expected,0.25,False,False,100,0,normal,0.2,2.0,1.6,1.25,0.3,0.14746224239279454,0.15451299754493866,0.16156375269708276,0.16861450784922688,0.17566526300137097,0.1827160181535151,0.18976677330565922,0.19681752845780331,0.2038682836099474,0.21091903876209153,0.21796979391423565,0.22502054906637975,0.23207130421852387,0.239122059370668,0.2461728145228121,0.2532235696749562,0.26027432482710033,0.26732507997924443,0.2743758351313885,0.2814265902835327,0.2884773454356767,0.29552810058782086,0.30257885573996496,0.30962961089210905,0.3166803660442532,0.3237311211963973,0.3307818763485414,0.33783263150068554,0.34488338665282964,0.35193414180497373,0.3589848969571179,0.3660356521092619,0.37308640726140607,0.3801371624135502,0.38718791756569426,0.3942386727178384,0.4012894278699825,0.4083401830221266,0.41539093817427075,0.42244169332641485,0.42949244847855894,0.4365432036307031,0.4435939587828472,0.4506447139349913,0.4576954690871354,0.4647462242392795,0.4717969793914236,0.4788477345435677,0.48589848969571187,0.49294924484785596,0.5,0.5070507551521442,0.5141015103042883,0.5211522654564325,0.5282030206085765,0.5352537757607205,0.5423045309128647,0.5493552860650088,0.556406041217153,0.5634567963692971,0.5705075515214412,0.5775583066735852,0.5846090618257294,0.5916598169778735,0.5987105721300177,0.6057613272821617,0.6128120824343058,0.6198628375864499,0.626913592738594,0.6339643478907382,0.6410151030428823,0.6480658581950263,0.6551166133471704,0.6621673684993146,0.6692181236514587,0.6762688788036029,0.683319633955747,0.690370389107891,0.6974211442600351,0.7044718994121792,0.7115226545643234,0.7185734097164675,0.7256241648686117,0.7326749200207556,0.7397256751728998,0.7467764303250439,0.7538271854771881,0.7608779406293322,0.7679286957814762,0.7749794509336203,0.7820302060857645,0.7890809612379086,0.7961317163900528,0.8031824715421969,0.8102332266943408,0.817283981846485,0.8243347369986291,0.8313854921507733,0.8384362473029174,0.8454870024550614,0.8525377576072055,0.014182877981458506,0.014182877981458564,0.028365755962917013,0.0,0.028365755962917013,0.028365755962917013,0.014182877981458564,0.028365755962917127,0.028365755962917013,0.07091438990729254,0.028365755962917127,0.0,0.09928014587020954,0.12764590183312707,0.056731511925834255,0.15601165779604295,0.12764590183312707,0.18437741375896133,0.2978404376106275,0.18437741375896274,0.3262061935735444,0.38293770549938116,0.4680349733881326,0.595680875221255,0.5247664853139669,0.7516925330173039,0.7800582889802148,0.9786185807206408,1.1346302385166849,1.0920816045723007,1.3331905302571154,1.758676869700848,1.7728597476823063,1.701945357775041,2.0990659412558506,2.4394550128108725,2.311809110977746,2.6663810605141887,3.6024510072904747,2.5954666706069167,3.403890715550028,3.2762448137169278,4.013754468752773,3.5882681293090166,4.31159490636337,4.042120224715691,4.183949004530276,4.283229150400452,4.708715489844243,4.269046272419061,4.2690462724189935,4.708715489844206,4.283229150400452,4.183949004530309,4.042120224715722,4.31159490636337,3.588268129308988,4.013754468752741,3.2762448137169025,3.403890715550082,2.595466670606937,3.6024510072904463,2.6663810605141887,2.3118091109777277,2.439455012810892,2.0990659412558506,1.701945357775041,1.7728597476823063,1.758676869700848,1.3331905302570943,1.0920816045723352,1.134630238516676,0.9786185807206331,0.7800582889802148,0.7516925330172979,0.5247664853139626,0.5956808752212737,0.4680349733881289,0.38293770549937817,0.3262061935735444,0.18437741375895986,0.2978404376106275,0.18437741375896566,0.12764590183312605,0.15601165779604295,0.05673151192583381,0.12764590183312605,0.09928014587021229,0.0,0.028365755962916905,0.07091438990729225,0.028365755962916905,0.028365755962916905,0.014182877981458899,0.028365755962916905,0.028365755962916905,0.0,0.028365755962916905,0.014182877981458899,0.014182877981458453,0.5,0.09144718556255668
1.01,expected,0.25,False,False,100,0,normal,0.2,2.0,1.6,1.25,0.4,0.14353527474718078,0.15066456925223717,0.15779386375729354,0.16492315826234993,0.17205245276740633,0.17918174727246272,0.1863110417775191,0.19344033628257548,0.20056963078763185,0.20769892529268824,0.21482821979774464,0.22195751430280103,0.2290868088078574,0.2362161033129138,0.24334539781797015,0.25047469232302655,0.25760398682808294,0.26473328133313934,0.27186257583819573,0.2789918703432521,0.2861211648483085,0.29325045935336486,0.30037975385842125,0.30750904836347764,0.314638342868534,0.3217676373735904,0.32889693187864677,0.33602622638370316,0.34315552088875956,0.35028481539381595,0.35741410989887235,0.36454340440392874,0.37167269890898513,0.3788019934140415,0.38593128791909787,0.39306058242415426,0.4001898769292106,0.407319171434267,0.4144484659393234,0.4215777604443798,0.4287070549494362,0.43583634945449257,0.44296564395954896,0.45009493846460535,0.45722423296966175,0.46435352747471814,0.47148282197977454,0.47861211648483093,0.4857414109898872,0.4928707054949436,0.5,0.5071292945050564,0.5142585890101128,0.5213878835151692,0.5285171780202256,0.535646472525282,0.5427757670303384,0.5499050615353948,0.5570343560404512,0.5641636505455075,0.5712929450505639,0.5784222395556202,0.5855515340606766,0.592680828565733,0.5998101230707894,0.6069394175758458,0.6140687120809022,0.6211980065859586,0.628327301091015,0.6354565955960714,0.6425858901011278,0.649715184606184,0.6568444791112404,0.6639737736162968,0.6711030681213532,0.6782323626264096,0.685361657131466,0.6924909516365224,0.6996202461415788,0.7067495406466352,0.7138788351516916,0.721008129656748,0.7281374241618044,0.7352667186668608,0.7423960131719171,0.7495253076769735,0.7566546021820298,0.7637838966870862,0.7709131911921426,0.778042485697199,0.7851717802022554,0.7923010747073118,0.7994303692123682,0.8065596637174246,0.813688958222481,0.8208182527275374,0.8279475472325937,0.8350768417376501,0.8422061362427065,0.8493354307477629,0.8564647252528192,0.014026633340658859,0.014026633340658913,0.0,0.0,0.028053266681317718,0.0,0.014026633340658859,0.0,0.028053266681317718,0.04207990002197657,0.08415980004395314,0.028053266681317825,0.11221306672527087,0.09818643338461239,0.08415980004395314,0.16831960008790628,0.18234623342856515,0.22442613345054174,0.3226125668351537,0.25247940013185943,0.33663920017581517,0.5049588002637189,0.4909321669230601,0.5610653336263587,0.7153583003736017,1.0099176005274377,0.8275713670988726,0.8556246337801904,0.9958909671867788,1.1081040339120496,1.3465568007032502,1.6972226342197216,1.5569563008131333,2.047888467736209,2.1320482677801467,2.2021814344834576,2.3284211345493704,2.8754598348350657,3.1139126016262666,3.07183270160429,3.3383387350768086,3.3804186350987844,3.5347116018460323,3.9695372354064564,3.7030312019339386,4.30617643558227,3.8012176353185505,4.222016635538382,4.502549302351493,3.8994040687031624,3.8994040687031624,4.502549302351493,4.222016635538316,3.8012176353185505,4.30617643558227,3.7030312019339386,3.9695372354064564,3.5347116018460323,3.3804186350987844,3.3383387350768086,3.0718327016043374,3.1139126016262666,2.8754598348350657,2.3284211345493704,2.2021814344834407,2.1320482677801467,2.0478884677361933,1.5569563008131333,1.6972226342197216,1.3465568007032502,1.108104033912067,0.9958909671867788,0.8556246337801904,0.8275713670988726,1.0099176005274377,0.7153583003736017,0.5610653336263542,0.4909321669230601,0.5049588002637189,0.33663920017581256,0.25247940013185943,0.3226125668351537,0.22442613345054174,0.18234623342856798,0.16831960008790628,0.08415980004395314,0.098186433384612,0.11221306672527087,0.028053266681317718,0.08415980004395314,0.04207990002197657,0.028053266681317718,0.0,0.014026633340658859,0.0,0.028053266681318148,0.0,0.0,0.014026633340658859,0.014026633340658859,0.5,0.09446068684179179
1.01,expected,0.25,False,False,100,0,normal,0.2,2.0,1.6,1.5,0.1,0.20939595577245174,0.2152080366570027,0.22102011754155368,0.22683219842610464,0.2326442793106556,0.23845636019520655,0.24426844107975754,0.2500805219643085,0.25589260284885945,0.26170468373341044,0.26751676461796137,0.27332884550251235,0.27914092638706334,0.2849530072716143,0.29076508815616525,0.29657716904071624,0.30238924992526717,0.30820133080981815,0.31401341169436914,0.3198254925789201,0.32563757346347105,0.33144965434802204,0.33726173523257297,0.34307381611712395,0.34888589700167494,0.3546979778862259,0.36051005877077685,0.3663221396553278,0.37213422053987877,0.37794630142442975,0.38375838230898074,0.3895704631935317,0.39538254407808265,0.4011946249626336,0.40700670584718457,0.41281878673173555,0.41863086761628654,0.4244429485008375,0.43025502938538845,0.4360671102699394,0.44187919115449037,0.44769127203904135,0.45350335292359234,0.45931543380814327,0.46512751469269425,0.47093959557724524,0.47675167646179617,0.48256375734634716,0.48837583823089814,0.49418791911544907,0.5,0.505812080884551,0.511624161769102,0.517436242653653,0.5232483235382039,0.5290604044227549,0.5348724853073059,0.5406845661918568,0.5464966470764078,0.5523087279609588,0.5581208088455096,0.5639328897300606,0.5697449706146116,0.5755570514991626,0.5813691323837136,0.5871812132682646,0.5929932941528155,0.5988053750373665,0.6046174559219175,0.6104295368064684,0.6162416176910194,0.6220536985755704,0.6278657794601212,0.6336778603446722,0.6394899412292232,0.6453020221137742,0.6511141029983252,0.6569261838828762,0.6627382647674271,0.6685503456519781,0.674362426536529,0.68017450742108,0.685986588305631,0.6917986691901818,0.6976107500747328,0.7034228309592838,0.7092349118438348,0.7150469927283858,0.7208590736129368,0.7266711544974878,0.7324832353820387,0.7382953162665896,0.7441073971511406,0.7499194780356916,0.7557315589202426,0.7615436398047936,0.7673557206893445,0.7731678015738954,0.7789798824584464,0.7847919633429974,0.7906040442275484,0.05161662508817237,0.017205541696057376,0.0,0.0,0.0,0.017205541696057376,0.05161662508817212,0.017205541696057536,0.03441108339211475,0.06882216678423014,0.22367204204874588,0.137644333568459,0.137644333568459,0.17205541696057536,0.32690529222509007,0.18926095865663292,0.22367204204874588,0.29249420883297533,0.44734408409749177,0.2752886671369206,0.550577334273836,0.5161662508817262,0.6538105844501801,0.7054272095383524,1.0495380434594999,1.015126960067395,1.1699768353319127,1.2560045438121883,1.2732100855082458,1.600115377733336,1.7721707946939096,1.9098151282623868,2.185103795399307,2.3915702957519747,2.322748128967745,2.890531004937639,3.1486141303784994,2.993764255114012,3.3034640056430473,4.112124465357712,4.077713381965597,4.439029757582802,4.370207590798614,4.404618674190688,5.058429258640868,4.800346133200053,4.473440840974917,4.834757216592122,5.110045883729089,4.955196008464571,4.955196008464524,5.110045883729041,4.834757216592122,4.473440840974917,4.800346133200007,5.058429258640868,4.404618674190772,4.370207590798573,4.439029757582802,4.077713381965675,4.112124465357712,3.303464005643016,2.993764255113983,3.1486141303784994,2.890531004937639,2.322748128967745,2.3915702957519747,2.1851037953992867,1.909815128262405,1.7721707946939096,1.600115377733336,1.27321008550827,1.2560045438121883,1.1699768353319013,1.015126960067385,1.0495380434594999,0.7054272095383524,0.6538105844501801,0.5161662508817212,0.5505773342738465,0.275288667136918,0.44734408409749177,0.29249420883298094,0.22367204204874588,0.1892609586566311,0.32690529222509007,0.17205541696057372,0.137644333568459,0.137644333568459,0.22367204204874588,0.06882216678423081,0.03441108339211475,0.017205541696057376,0.05161662508817212,0.017205541696057376,0.0,0.0,0.0,0.017205541696057376,0.05161662508817212,0.5,0.08002916750419876
1.01,expected,0.25,False,False,100,0,normal,0.2,2.0,1.6,1.5,0.2,0.1845008976018674,0.19081087964983004,0.1971208616977927,0.20343084374575535,0.209740825793718,0.21605080784168065,0.2223607898896433,0.22867077193760596,0.2349807539855686,0.24129073603353127,0.24760071808149392,0.25391070012945655,0.2602206821774192,0.26653066422538185,0.27284064627334453,0.27915062832130716,0.28546061036926984,0.29177059241723247,0.29808057446519515,0.3043905565131578,0.31070053856112045,0.3170105206090831,0.3233205026570457,0.3296304847050084,0.33594046675297107,0.3422504488009337,0.3485604308488963,0.354870412896859,0.3611803949448217,0.3674903769927843,0.37380035904074693,0.3801103410887096,0.3864203231366723,0.3927303051846349,0.39904028723259755,0.4053502692805602,0.4116602513285229,0.41797023337648553,0.42428021542444816,0.43059019747241084,0.43690017952037347,0.44321016156833615,0.4495201436162988,0.45583012566426145,0.4621401077122241,0.46845008976018676,0.4747600718081494,0.48107005385611207,0.4873800359040747,0.4936900179520374,0.5,0.5063099820479626,0.5126199640959253,0.518929946143888,0.5252399281918506,0.5315499102398134,0.537859892287776,0.5441698743357386,0.5504798563837012,0.5567898384316639,0.5630998204796265,0.5694098025275892,0.5757197845755518,0.5820297666235146,0.5883397486714772,0.5946497307194398,0.6009597127674025,0.6072696948153651,0.6135796768633277,0.6198896589112903,0.6261996409592531,0.6325096230072157,0.6388196050551784,0.6451295871031411,0.6514395691511037,0.6577495511990663,0.6640595332470289,0.6703695152949916,0.6766794973429543,0.6829894793909169,0.6892994614388795,0.6956094434868423,0.7019194255348049,0.7082294075827675,0.7145393896307302,0.7208493716786929,0.7271593537266555,0.7334693357746181,0.7397793178225808,0.7460892998705435,0.7523992819185061,0.7587092639664688,0.7650192460144314,0.7713292280623941,0.7776392101103567,0.7839491921583194,0.790259174206282,0.7965691562542446,0.8028791383022074,0.80918912035017,0.8154991023981326,0.01584790562633814,0.0,0.0,0.0,0.01584790562633814,0.01584790562633814,0.0,0.0,0.01584790562633814,0.09508743375802885,0.04754371687901463,0.03169581125267615,0.031695811252676426,0.1743269618897188,0.1584790562633821,0.09508743375802843,0.23771858439507315,0.2694143956477472,0.2694143956477496,0.3169581125267614,0.301110206900426,0.36450182940577885,0.6180683194271848,0.5229808856691563,0.6973078475588813,0.8557869038222634,0.7606994700642274,1.109353393843665,1.3312240726124096,1.6640300907655121,1.8225091470288781,1.6006384682601453,2.044379825797629,2.250402598940026,2.0443798257976113,2.9001667296198668,2.916014635246231,3.4389955209153915,3.4389955209153618,3.4548434265417303,3.6767141053104324,4.041215934716243,3.755953633442123,4.199694990979626,4.3106303303639555,4.389869858495684,4.469109386627336,4.96039446104386,4.611740537264379,4.897002838538507,4.897002838538507,4.611740537264419,4.960394461043773,4.469109386627375,4.389869858495607,4.310630330363994,4.199694990979626,3.755953633442156,4.041215934716243,3.676714105310465,3.454843426541669,3.4389955209153915,3.438995520915331,2.916014635246231,2.9001667296198925,2.044379825797629,2.250402598940026,2.044379825797629,1.6006384682601593,1.8225091470288621,1.6640300907655121,1.3312240726123863,1.1093533938436748,0.7606994700642341,0.8557869038222634,0.6973078475588813,0.5229808856691609,0.6180683194271793,0.36450182940577885,0.301110206900426,0.31695811252675865,0.2694143956477496,0.2694143956477496,0.23771858439507315,0.09508743375802758,0.1584790562633821,0.17432696188972033,0.031695811252676426,0.031695811252675864,0.04754371687901463,0.09508743375802926,0.015847905626338213,0.0,0.0,0.015847905626338213,0.015847905626338213,0.0,0.0,0.0,0.015847905626338213,0.5,0.08259816784949235
1.01,expected,0.25,False,False,100,0,normal,0.2,2.0,1.6,1.5,0.3,0.025494525647461696,0.034984635134512464,0.04447474462156323,0.053964854108614,0.06345496359566476,0.07294507308271553,0.0824351825697663,0.09192529205681706,0.10141540154386783,0.1109055110309186,0.12039562051796936,0.12988573000502013,0.13937583949207089,0.14886594897912164,0.1583560584661724,0.16784616795322319,0.17733627744027394,0.1868263869273247,0.19631649641437549,0.20580660590142624,0.215296715388477,0.22478682487552779,0.23427693436257854,0.2437670438496293,0.2532571533366801,0.26274726282373084,0.2722373723107816,0.28172748179783236,0.2912175912848831,0.30070770077193393,0.3101978102589847,0.31968791974603544,0.3291780292330862,0.33866813872013696,0.3481582482071877,0.3576483576942385,0.3671384671812893,0.37662857666834004,0.3861186861553908,0.39560879564244156,0.4050989051294923,0.4145890146165431,0.4240791241035939,0.43356923359064464,0.4430593430776954,0.45254945256474616,0.4620395620517969,0.4715296715388477,0.4810197810258985,0.49050989051294924,0.5,0.5094901094870508,0.5189802189741015,0.5284703284611523,0.537960437948203,0.5474505474352538,0.5569406569223045,0.5664307664093553,0.5759208758964062,0.5854109853834569,0.5949010948705077,0.6043912043575584,0.6138813138446092,0.62337142333166,0.6328615328187107,0.6423516423057615,0.6518417517928122,0.661331861279863,0.6708219707669137,0.6803120802539645,0.6898021897410153,0.6992922992280661,0.7087824087151169,0.7182725182021676,0.7277626276892184,0.7372527371762692,0.7467428466633199,0.7562329561503707,0.7657230656374214,0.7752131751244722,0.7847032846115229,0.7941933940985737,0.8036835035856245,0.8131736130726752,0.8226637225597261,0.8321538320467768,0.8416439415338276,0.8511340510208784,0.8606241605079291,0.8701142699949799,0.8796043794820306,0.8890944889690814,0.8985845984561321,0.9080747079431829,0.9175648174302337,0.9270549269172844,0.9365450364043353,0.946035145891386,0.9555252553784368,0.9650153648654876,0.9745054743525383,0.010537286227988177,0.0,0.0,0.0,0.0,0.0,0.0,0.0,0.0,0.0,0.0,0.010537286227988189,0.0,0.010537286227988189,0.0,0.0,0.0,0.010537286227988158,0.031611858683964565,0.0,0.031611858683964475,0.07376100359591732,0.031611858683964565,0.10537286227988159,0.12644743473585826,0.11591014850787007,0.17913386587579921,0.1896711521037874,0.3688050179795845,0.389879590435563,0.4531033078034921,0.5479388838553858,0.7692218946431378,0.9378184742909489,1.2117879162186416,1.3909217820944328,1.559518361742252,1.57005564797024,1.970472524633791,2.4762622635772242,2.3182029701574014,2.887216426468747,3.6459010348839134,3.4035434516401852,3.6669756073398894,4.046317911547464,4.446734788211016,4.625868654086788,4.47834664689498,4.594256795402851,4.594256795402851,4.47834664689498,4.625868654086815,4.446734788211016,4.046317911547464,3.6669756073398894,3.4035434516401852,3.6459010348838703,2.8872164264687634,2.3182029701574014,2.4762622635772242,1.970472524633791,1.57005564797024,1.559518361742252,1.3909217820944408,1.2117879162186416,0.9378184742909489,0.7692218946431378,0.5479388838553858,0.4531033078034921,0.3898795904355584,0.3688050179795866,0.1896711521037874,0.17913386587579921,0.11591014850787007,0.12644743473585826,0.10537286227988188,0.031611858683964565,0.07376100359591732,0.031611858683964565,0.0,0.031611858683964565,0.010537286227988189,0.0,0.0,0.0,0.010537286227988189,0.0,0.010537286227988189,0.0,0.0,0.0,0.0,0.0,0.0,0.0,0.0,0.0,0.0,0.010537286227988189,0.5,0.08781905853572435
1.01,expected,0.25,False,False,100,0,normal,0.2,2.0,1.6,1.5,0.4,0.15106011003659003,0.15803890783585822,0.16501770563512644,0.17199650343439463,0.17897530123366284,0.18595409903293103,0.19293289683219922,0.19991169463146743,0.20689049243073565,0.21386929023000384,0.22084808802927203,0.22782688582854024,0.23480568362780843,0.24178448142707665,0.24876327922634484,0.255742077025613,0.26272087482488127,0.26969967262414946,0.27667847042341764,0.28365726822268583,0.290636066021954,0.29761486382122226,0.30459366162049045,0.31157245941975864,0.31855125721902683,0.325530055018295,0.33250885281756326,0.33948765061683145,0.34646644841609964,0.3534452462153679,0.360424044014636,0.36740284181390426,0.37438163961317245,0.38136043741244063,0.3883392352117089,0.395318033010977,0.40229683081024525,0.40927562860951344,0.41625442640878163,0.4232332242080499,0.43021202200731806,0.43719081980658625,0.44416961760585444,0.4511484154051226,0.45812721320439087,0.46510601100365906,0.47208480880292725,0.47906360660219544,0.4860424044014636,0.49302120220073187,0.5,0.5069787977992682,0.5139575955985365,0.5209363933978046,0.5279151911970729,0.5348939889963411,0.5418727867956092,0.5488515845948774,0.5558303823941457,0.5628091801934139,0.569787977992682,0.5767667757919502,0.5837455735912185,0.5907243713904866,0.5977031691897549,0.6046819669890231,0.6116607647882912,0.6186395625875595,0.6256183603868277,0.6325971581860959,0.639575955985364,0.6465547537846323,0.6535335515839005,0.6605123493831686,0.6674911471824369,0.6744699449817051,0.6814487427809732,0.6884275405802415,0.6954063383795097,0.7023851361787778,0.7093639339780461,0.7163427317773142,0.7233215295765825,0.7303003273758507,0.7372791251751188,0.7442579229743871,0.7512367207736552,0.7582155185729235,0.7651943163721917,0.7721731141714598,0.7791519119707281,0.7861307097699962,0.7931095075692645,0.8000883053685327,0.8070671031678008,0.8140459009670691,0.8210246987663372,0.8280034965656055,0.8349822943648737,0.8419610921641418,0.8489398899634101,0.014329115540571502,0.0,0.014329115540571502,0.0,0.0,0.014329115540571502,0.02865823108114289,0.04298734662171434,0.05731646216228601,0.014329115540571502,0.04298734662171434,0.04298734662171451,0.08597469324342868,0.08597469324342902,0.07164557770285752,0.07164557770285694,0.17194938648685804,0.15762027094628653,0.18627850202742954,0.2865823108114301,0.2722531952708564,0.3009114263520016,0.31524054189257306,0.6877975459474321,0.8884051635154332,0.773772239190855,1.0030380878400051,1.1606583587862918,0.9313925101371402,1.0173672033805847,1.3899242074354248,1.2752912831108636,1.7194938648685802,2.0204052912205657,1.934430597977168,2.3786331797348508,2.450278757437727,2.9517978013577295,3.19539276554742,3.5822788851428755,3.381671267574875,3.52496242298059,4.055139697981736,3.9834941202788463,3.969165004738306,3.9834941202788783,4.212759968928022,3.8975194270354483,4.069468813522274,4.929215745956636,4.929215745956558,4.069468813522274,3.89751942703548,4.212759968927989,3.9834941202788463,3.969165004738338,3.9834941202789094,4.055139697981639,3.5249624229806176,3.3816712675749017,3.582278885142847,3.19539276554742,2.951797801357753,2.4502787574377076,2.3786331797348508,1.934430597977168,2.0204052912205657,1.7194938648685667,1.2752912831108738,1.3899242074354468,1.0173672033805523,0.9313925101371551,1.1606583587863009,1.0030380878399972,0.773772239190855,0.8884051635154403,0.6877975459474267,0.31524054189257056,0.30091142635200396,0.2722531952708564,0.2865823108114324,0.18627850202742807,0.15762027094628528,0.1719493864868594,0.07164557770285694,0.0716455777028581,0.08597469324342834,0.08597469324342834,0.04298734662171485,0.04298734662171417,0.014329115540571619,0.05731646216228555,0.04298734662171417,0.028658231081143237,0.014329115540571388,0.0,0.0,0.014329115540571388,0.0,0.014329115540571388,0.5,0.09002247522180996
1.01,expected,0.25,False,False,100,0,normal,0.2,2.0,2.0,0.5,0.1,0.058396808201182385,0.06722887203715874,0.07606093587313509,0.08489299970911143,0.09372506354508779,0.10255712738106415,0.1113891912170405,0.12022125505301684,0.12905331888899318,0.13788538272496953,0.1467174465609459,0.15554951039692227,0.16438157423289862,0.17321363806887496,0.1820457019048513,0.19087776574082765,0.199709829576804,0.20854189341278034,0.2173739572487567,0.2262060210847331,0.23503808492070943,0.24387014875668578,0.2527022125926621,0.26153427642863847,0.2703663402646148,0.27919840410059116,0.2880304679365675,0.2968625317725439,0.30569459560852025,0.3145266594444966,0.32335872328047294,0.3321907871164493,0.3410228509524256,0.34985491478840197,0.3586869786243783,0.36751904246035466,0.376351106296331,0.3851831701323074,0.39401523396828375,0.4028472978042601,0.41167936164023644,0.4205114254762128,0.42934348931218913,0.4381755531481655,0.4470076169841419,0.4558396808201182,0.46467174465609457,0.4735038084920709,0.48233587232804725,0.4911679361640236,0.49999999999999994,0.5088320638359763,0.5176641276719527,0.526496191507929,0.5353282553439054,0.5441603191798817,0.5529923830158581,0.5618244468518345,0.5706565106878109,0.5794885745237872,0.5883206383597636,0.5971527021957399,0.6059847660317162,0.6148168298676926,0.6236488937036689,0.6324809575396453,0.6413130213756216,0.650145085211598,0.6589771490475743,0.6678092128835507,0.676641276719527,0.6854733405555034,0.6943054043914797,0.7031374682274562,0.7119695320634325,0.7208015958994088,0.7296336597353852,0.7384657235713615,0.7472977874073379,0.7561298512433142,0.7649619150792906,0.7737939789152669,0.7826260427512433,0.7914581065872196,0.800290170423196,0.8091222342591723,0.8179542980951486,0.826786361931125,0.8356184257671014,0.8444504896030778,0.8532825534390541,0.8621146172750305,0.8709466811110068,0.8797787449469832,0.8886108087829595,0.8974428726189358,0.9062749364549122,0.9151070002908885,0.9239390641268649,0.9327711279628412,0.9416031917988176,0.01132238193214387,0.0,0.0,0.01132238193214387,0.0,0.0,0.022644763864287775,0.022644763864287775,0.0,0.011322381932143851,0.045289527728575404,0.06793429159286332,0.0905790554571511,0.011322381932143888,0.07925667352500722,0.11322381932143888,0.0905790554571511,0.11322381932143888,0.19248049284644486,0.23777002057502164,0.26041478443930943,0.3283490760321727,0.5095071869464749,0.6114086243357699,0.5208295688786189,0.7699219713857843,0.8152114991143548,0.905790554571511,0.8718234087750794,1.1775277209429644,1.2114948667393959,1.1435605751465325,1.4266201234501297,1.4379425053822736,1.6870349078894393,1.9361273103966046,2.1172854213108936,2.117285421310907,2.6494373721216697,2.4229897334787918,2.841917864968116,2.7853059553073964,2.6720821359859577,3.0910102674752618,2.7400164275788206,3.3967145796431666,3.20423408679672,3.385392197711022,3.1476221771360007,3.3061355241860153,3.3061355241859944,3.1476221771360007,3.385392197711022,3.20423408679672,3.3967145796431666,2.7400164275788206,3.091010267475242,2.6720821359859577,2.7853059553073964,2.841917864968116,2.4229897334787918,2.6494373721216697,2.117285421310907,2.117285421310907,1.9361273103966046,1.6870349078894393,1.4379425053822736,1.4266201234501297,1.1435605751465325,1.2114948667393959,1.1775277209429644,0.8718234087750794,0.9057905545714995,0.8152114991143599,0.7699219713857843,0.5208295688786189,0.6114086243357699,0.5095071869464749,0.3283490760321727,0.26041478443930943,0.23777002057502164,0.19248049284644608,0.11322381932143888,0.0905790554571511,0.11322381932143888,0.07925667352500722,0.011322381932143888,0.09057905545714996,0.06793429159286332,0.04528952772857555,0.011322381932143888,0.0,0.022644763864287775,0.022644763864287775,0.0,0.0,0.011322381932143888,0.0,0.0,0.011322381932143888,0.5,0.11756523155395514
1.01,expected,0.25,False,False,100,0,normal,0.2,2.0,2.0,0.5,0.2,0.06466037486959615,0.07336716737220422,0.08207395987481231,0.09078075237742038,0.09948754488002845,0.10819433738263654,0.1169011298852446,0.12560792238785268,0.13431471489046076,0.14302150739306885,0.15172829989567693,0.160435092398285,0.16914188490089305,0.17784867740350113,0.18655546990610922,0.1952622624087173,0.2039690549113254,0.21267584741393347,0.2213826399165415,0.2300894324191496,0.23879622492175767,0.24750301742436576,0.25620980992697384,0.2649166024295819,0.27362339493218996,0.28233018743479804,0.2910369799374061,0.2997437724400142,0.3084505649426223,0.3171573574452303,0.3258641499478384,0.3345709424504465,0.3432777349530546,0.35198452745566267,0.36069131995827075,0.36939811246087884,0.37810490496348687,0.38681169746609495,0.39551848996870304,0.4042252824713111,0.4129320749739192,0.4216388674765273,0.4303456599791353,0.4390524524817434,0.4477592449843515,0.4564660374869596,0.46517282998956766,0.47387962249217574,0.4825864149947838,0.49129320749739186,0.49999999999999994,0.5087067925026081,0.5174135850052162,0.5261203775078243,0.5348271700104323,0.5435339625130403,0.5522407550156484,0.5609475475182565,0.5696543400208646,0.5783611325234727,0.5870679250260807,0.5957747175286888,0.6044815100312969,0.613188302533905,0.6218950950365131,0.6306018875391212,0.6393086800417292,0.6480154725443373,0.6567222650469454,0.6654290575495535,0.6741358500521616,0.6828426425547696,0.6915494350573776,0.7002562275599857,0.7089630200625938,0.7176698125652019,0.72637660506781,0.7350833975704181,0.7437901900730262,0.7524969825756342,0.7612037750782423,0.7699105675808504,0.7786173600834585,0.7873241525860666,0.7960309450886746,0.8047377375912826,0.8134445300938907,0.8221513225964988,0.8308581150991069,0.839564907601715,0.8482717001043231,0.8569784926069312,0.8656852851095392,0.8743920776121473,0.8830988701147554,0.8918056626173635,0.9005124551199715,0.9092192476225796,0.9179260401251876,0.9266328326277957,0.9353396251304038,0.011485285766261864,0.0,0.02297057153252373,0.011485285766261864,0.0,0.011485285766261864,0.04594114306504746,0.011485285766261847,0.03445585729878554,0.022970571532523694,0.03445585729878565,0.05742642883130942,0.06891171459757107,0.08039700036383292,0.09188228613009478,0.1952498580264514,0.2756468583902843,0.2297057153252384,0.3101027156890699,0.3215880014553317,0.3675291445203791,0.3675291445203791,0.3675291445203791,0.5627790025468341,0.5283231452480449,0.7235730032744963,0.9647640043659951,0.8958522897684241,0.9303081470672155,1.274866720055065,1.1140727193273992,1.4701165780815164,1.4701165780815164,1.6883370076404913,1.9295280087319902,1.8835868656669548,1.8146751510693717,2.5727040116426534,2.6760715835390103,2.2511160101873218,2.6645862977727486,2.8024097269679085,3.0895418711244367,2.7909244412016285,2.825380298500414,2.905777298864247,2.8598361557992,3.2273653003195997,3.273306443384626,3.2962770149171496,3.2962770149171288,3.273306443384626,3.227365300319579,2.8598361557992,2.905777298864284,2.825380298500414,2.7909244412016285,3.0895418711244367,2.8024097269678907,2.6645862977727486,2.2511160101873218,2.6760715835390103,2.5727040116426534,1.8146751510693717,1.8835868656669428,1.9295280087319902,1.6883370076404913,1.4701165780815164,1.4701165780815164,1.1140727193273992,1.2748667200550812,0.9303081470672095,0.8958522897684241,0.9647640043659951,0.7235730032744963,0.5283231452480449,0.5627790025468304,0.3675291445203791,0.3675291445203791,0.3675291445203791,0.3215880014553317,0.3101027156890699,0.22970571532523695,0.27564685839028785,0.1952498580264514,0.09188228613009478,0.08039700036383292,0.06891171459757107,0.05742642883130924,0.03445585729878554,0.022970571532523694,0.03445585729878554,0.011485285766261847,0.04594114306504739,0.011485285766261847,0.0,0.011485285766261847,0.022970571532523694,0.0,0.011485285766261847,0.5,0.12145943282647666
1.01,expected,0.25,False,False,100,0,normal,0.2,2.0,2.0,0.5,0.3,0.06132728624668067,0.07010074052174706,0.07887419479681344,0.08764764907187983,0.09642110334694622,0.1051945576220126,0.11396801189707899,0.12274146617214537,0.13151492044721175,0.14028837472227815,0.14906182899734455,0.15783528327241092,0.1666087375474773,0.1753821918225437,0.1841556460976101,0.19292910037267647,0.20170255464774284,0.2104760089228092,0.21924946319787564,0.228022917472942,0.23679637174800838,0.24556982602307476,0.2543432802981412,0.26311673457320756,0.27189018884827393,0.2806636431233403,0.28943709739840673,0.2982105516734731,0.3069840059485395,0.31575746022360585,0.3245309144986723,0.33330436877373865,0.342077823048805,0.3508512773238714,0.35962473159893776,0.3683981858740042,0.37717164014907056,0.38594509442413694,0.39471854869920336,0.40349200297426974,0.4122654572493361,0.4210389115244025,0.42981236579946885,0.4385858200745353,0.44735927434960165,0.456132728624668,0.46490618289973445,0.4736796371748008,0.4824530914498672,0.49122654572493357,0.49999999999999994,0.5087734542750664,0.5175469085501327,0.5263203628251991,0.5350938171002656,0.543867271375332,0.5526407256503983,0.5614141799254647,0.5701876342005311,0.5789610884755975,0.587734542750664,0.5965079970257303,0.6052814513007967,0.6140549055758631,0.6228283598509294,0.6316018141259958,0.6403752684010622,0.6491487226761286,0.6579221769511949,0.6666956312262614,0.6754690855013278,0.6842425397763942,0.6930159940514605,0.7017894483265269,0.7105629026015933,0.7193363568766596,0.7281098111517261,0.7368832654267925,0.7456567197018589,0.7544301739769252,0.7632036282519916,0.771977082527058,0.7807505368021244,0.7895239910771907,0.7982974453522571,0.8070708996273236,0.81584435390239,0.8246178081774563,0.8333912624525227,0.8421647167275891,0.8509381710026555,0.8597116252777218,0.8684850795527883,0.8772585338278547,0.886031988102921,0.8948054423779874,0.9035788966530538,0.9123523509281202,0.9211258052031865,0.9298992594782529,0.9386727137533194,0.02279603833673444,0.0,0.0,0.01139801916836722,0.056990095841836105,0.02279603833673444,0.06838811501020332,0.04559207667346895,0.056990095841836015,0.0341940575051016,0.07978613417857067,0.06838811501020342,0.14817424918877362,0.1595722683571408,0.1823683066938758,0.12537821085203962,0.13677623002040684,0.25075642170407764,0.2963484983775482,0.2735524600408137,0.4445227475663222,0.42172670922958516,0.6268910542601981,0.569900958418362,0.7978613417857067,0.8092593609540688,0.9688316293112151,1.0942098401632547,1.105607859331622,1.1853939935101854,1.139801916836724,1.299374185193865,1.3335682426989668,1.686906836918351,1.6641107985816064,2.0858375078112044,1.869275143612227,2.2454097761683314,2.256807795336713,2.4277780828622215,2.4619721403673234,2.6671364853979336,3.0204750796172988,2.826708753755075,3.225639424647928,2.781116677081588,3.0546691371224197,2.92929092627038,3.157251309637725,2.7925146962499734,2.7925146962499556,3.157251309637725,2.92929092627038,3.054669137122381,2.781116677081606,3.225639424647928,2.826708753755075,3.020475079617318,2.6671364853979336,2.461972140367292,2.4277780828622215,2.256807795336713,2.2454097761683456,1.869275143612227,2.0858375078112044,1.6641107985816168,1.686906836918351,1.3335682426989668,1.2993741851938487,1.139801916836724,1.1853939935101927,1.105607859331622,1.0942098401632547,0.9688316293112151,0.8092593609540739,0.7978613417856966,0.569900958418362,0.6268910542601981,0.42172670922958777,0.4445227475663222,0.2735524600408137,0.2963484983775482,0.25075642170407925,0.13677623002040684,0.125378210852038,0.1823683066938758,0.15957226835714133,0.1481742491887741,0.06838811501020342,0.07978613417857067,0.03419405750510171,0.05699009584183547,0.04559207667346895,0.06838811501020342,0.022796038336734475,0.056990095841836196,0.011398019168367237,0.0,0.0,0.022796038336734187,0.5,0.12767259570943634
1.01,expected,0.25,False,False,100,0,normal,0.2,2.0,2.0,0.5,0.4,0.04316446969226928,0.05230118029842389,0.061437890904578504,0.07057460151073312,0.07971131211688773,0.08884802272304235,0.09798473332919697,0.10712144393535157,0.11625815454150619,0.1253948651476608,0.1345315757538154,0.14366828635997003,0.15280499696612465,0.16194170757227927,0.17107841817843386,0.18021512878458848,0.1893518393907431,0.19848854999689772,0.20762526060305234,0.21676197120920693,0.22589868181536155,0.23503539242151616,0.24417210302767078,0.2533088136338254,0.26244552423998,0.27158223484613464,0.28071894545228926,0.2898556560584439,0.29899236666459844,0.30812907727075306,0.3172657878769077,0.3264024984830623,0.3355392090892169,0.34467591969537154,0.35381263030152615,0.3629493409076808,0.3720860515138354,0.38122276211999,0.3903594727261446,0.3994961833322992,0.4086328939384538,0.41776960454460843,0.42690631515076305,0.43604302575691767,0.4451797363630723,0.4543164469692269,0.4634531575753815,0.47258986818153614,0.48172657878769076,0.4908632893938453,0.49999999999999994,0.5091367106061546,0.5182734212123092,0.5274101318184639,0.5365468424246185,0.545683553030773,0.5548202636369276,0.5639569742430822,0.5730936848492368,0.5822303954553915,0.5913671060615461,0.6005038166677007,0.6096405272738553,0.6187772378800099,0.6279139484861646,0.6370506590923192,0.6461873696984738,0.6553240803046284,0.664460790910783,0.6735975015169376,0.6827342121230923,0.6918709227292469,0.7010076333354015,0.7101443439415561,0.7192810545477107,0.7284177651538652,0.7375544757600199,0.7466911863661745,0.7558278969723291,0.7649646075784837,0.7741013181846383,0.783238028790793,0.7923747393969476,0.8015114500031022,0.8106481606092568,0.8197848712154114,0.8289215818215661,0.8380582924277207,0.8471950030338753,0.8563317136400299,0.8654684242461845,0.8746051348523391,0.8837418454584938,0.8928785560646484,0.902015266670803,0.9111519772769576,0.9202886878831122,0.9294253984892668,0.9385621090954214,0.947698819701576,0.9568355303077306,0.010944857981234369,0.010944857981234369,0.0,0.02188971596246875,0.02188971596246872,0.01094485798123436,0.0437794319249375,0.03283457394370308,0.03283457394370313,0.04377943192493744,0.03283457394370308,0.06566914788740616,0.1860625856809841,0.1422831537560471,0.16417286971851539,0.20795230164345285,0.17511772769974976,0.25173173356839024,0.32834573943703177,0.3064560234745621,0.24078687558715592,0.44873917723060874,0.44873917723060874,0.5144083251180149,0.6566914788740615,0.7442503427239364,0.8646437805175144,0.9193680704236918,1.0507063661984986,1.2696035258231857,1.127320372067139,1.6088941232414509,1.641728697185154,1.6307838392039196,1.6198389812226852,1.8496809988286067,1.7730669929599663,1.9481847206597278,2.188971596246872,2.123302448359466,2.4516481877964966,2.5173173356839027,2.56109676760884,2.769049069252293,2.659600489439949,3.0645602347456204,2.6048761995337775,2.955111654933277,3.3381816842765,3.0426705187831518,3.042670518783133,3.33818168427648,2.955111654933277,2.6048761995337775,3.0645602347456578,2.659600489439949,2.769049069252293,2.56109676760884,2.5173173356839027,2.4516481877964966,2.123302448359466,2.188971596246872,1.9481847206597158,1.7730669929599663,1.8496809988286067,1.6198389812226852,1.6307838392039196,1.641728697185154,1.6088941232414509,1.127320372067139,1.2696035258231857,1.0507063661984986,0.9193680704236862,0.8646437805175144,0.7442503427239455,0.6566914788740615,0.5144083251180149,0.44873917723060874,0.44873917723060874,0.24078687558715592,0.3064560234745621,0.32834573943703077,0.25173173356839024,0.17511772769974976,0.20795230164345285,0.16417286971851539,0.14228315375604667,0.1860625856809841,0.06566914788740616,0.03283457394370308,0.04377943192493744,0.03283457394370308,0.03283457394370308,0.04377943192493744,0.01094485798123436,0.02188971596246872,0.021889715962468984,0.0,0.01094485798123436,0.01094485798123436,0.5,0.1318156788203652
1.01,expected,0.25,False,False,100,0,normal,0.2,2.0,2.0,0.75,0.1,0.09857364393103914,0.10660217105241836,0.11463069817379756,0.12265922529517678,0.130687752416556,0.13871627953793522,0.14674480665931444,0.15477333378069363,0.16280186090207288,0.17083038802345207,0.17885891514483132,0.1868874422662105,0.19491596938758973,0.20294449650896895,0.21097302363034814,0.2190015507517274,0.22703007787310658,0.23505860499448583,0.24308713211586502,0.25111565923724427,0.25914418635862346,0.26717271348000265,0.2752012406013819,0.2832297677227611,0.29125829484414034,0.29928682196551953,0.3073153490868988,0.315343876208278,0.32337240332965717,0.3314009304510364,0.3394294575724156,0.34745798469379485,0.35548651181517404,0.36351503893655324,0.3715435660579325,0.3795720931793117,0.3876006203006909,0.3956291474220701,0.40365767454344936,0.41168620166482855,0.4197147287862078,0.427743255907587,0.4357717830289662,0.44380031015034543,0.4518288372717246,0.4598573643931039,0.46788589151448307,0.4759144186358623,0.4839429457572415,0.4919714728786207,0.49999999999999994,0.5080285271213791,0.5160570542427584,0.5240855813641376,0.5321141084855169,0.540142635606896,0.5481711627282753,0.5561996898496545,0.5642282169710336,0.5722567440924129,0.5802852712137921,0.5883137983351714,0.5963423254565505,0.6043708525779298,0.612399379699309,0.6204279068206883,0.6284564339420674,0.6364849610634467,0.6445134881848259,0.6525420153062051,0.6605705424275843,0.6685990695489635,0.6766275966703428,0.6846561237917219,0.6926846509131012,0.7007131780344804,0.7087417051558597,0.7167702322772388,0.724798759398618,0.7328272865199973,0.7408558136413765,0.7488843407627557,0.7569128678841349,0.7649413950055142,0.7729699221268933,0.7809984492482726,0.7890269763696518,0.797055503491031,0.8050840306124102,0.8131125577337894,0.8211410848551687,0.8291696119765478,0.8371981390979271,0.8452266662193063,0.8532551933406856,0.8612837204620647,0.8693122475834439,0.8773407747048232,0.8853693018262023,0.8933978289475816,0.9014263560689608,0.012455584752738683,0.0,0.0,0.0,0.0,0.012455584752738683,0.012455584752738726,0.012455584752738641,0.03736675425821618,0.049822339010954564,0.012455584752738726,0.024911169505477365,0.04982233901095473,0.08718909326917108,0.07473350851643185,0.09964467802190981,0.21174494079655687,0.14946701703286472,0.1245558475273864,0.26156727980751326,0.274022864560252,0.311389618818466,0.36121195782942306,0.3985787120876365,0.5854124833787201,0.6103236528841933,0.6975127461533687,0.9466244412081433,0.8220685936807502,1.0587247039827916,1.208191721015648,1.594314848350557,1.4946701703286471,1.7811486196416255,2.005349145190935,2.1299049927183074,2.1672717469765383,2.179727331729262,2.8149621541189522,3.076529433926444,2.777595399860736,2.914606832140862,3.225996450959308,3.524930485025059,3.1014406034319215,3.288274374723023,3.84877568859624,4.01069829038187,3.81140893433805,4.023153875134581,4.023153875134609,3.811408934338024,4.010698290381842,3.84877568859624,3.2882743747230467,3.1014406034319215,3.524930485025035,3.2259964509593524,2.9146068321408416,2.777595399860717,3.076529433926444,2.8149621541189718,2.179727331729262,2.1672717469765233,2.1299049927183074,2.005349145190949,1.7811486196416255,1.4946701703286367,1.594314848350546,1.2081917210156647,1.0587247039827843,0.8220685936807502,0.9466244412081498,0.6975127461533639,0.6103236528841933,0.5854124833787161,0.398578712087642,0.36121195782942056,0.311389618818466,0.2740228645602501,0.2615672798075151,0.1245558475273864,0.1494670170328637,0.21174494079655984,0.09964467802190913,0.07473350851643185,0.08718909326917049,0.04982233901095525,0.024911169505477282,0.012455584752738641,0.04982233901095525,0.03736675425821592,0.012455584752738641,0.012455584752738641,0.012455584752738813,0.0,0.0,0.0,0.0,0.012455584752738641,0.5,0.10320125329753647
1.01,expected,0.25,False,False,100,0,normal,0.2,2.0,2.0,0.75,0.2,0.1474291300923423,0.15448054749049545,0.1615319648886486,0.16858338228680175,0.1756347996849549,0.18268621708310806,0.1897376344812612,0.19678905187941437,0.20384046927756752,0.21089188667572067,0.21794330407387386,0.22499472147202698,0.23204613887018016,0.2390975562683333,0.24614897366648647,0.2532003910646396,0.2602518084627928,0.2673032258609459,0.2743546432590991,0.28140606065725227,0.2884574780554054,0.2955088954535585,0.3025603128517117,0.3096117302498649,0.316663147648018,0.32371456504617113,0.3307659824443243,0.3378173998424775,0.3448688172406306,0.35192023463878375,0.35897165203693693,0.3660230694350901,0.37307448683324324,0.38012590423139636,0.38717732162954954,0.3942287390277027,0.4012801564258559,0.408331573824009,0.41538299122216216,0.42243440862031534,0.4294858260184685,0.4365372434166216,0.44358866081477477,0.45064007821292795,0.45769149561108113,0.4647429130092342,0.4717943304073874,0.47884574780554057,0.48589716520369375,0.4929485826018468,0.5,0.5070514173981532,0.5141028347963064,0.5211542521944594,0.5282056695926126,0.5352570869907658,0.542308504388919,0.549359921787072,0.5564113391852252,0.5634627565833784,0.5705141739815316,0.5775655913796847,0.5846170087778378,0.591668426175991,0.5987198435741442,0.6057712609722974,0.6128226783704505,0.6198740957686036,0.6269255131667568,0.63397693056491,0.6410283479630631,0.6480797653612163,0.6551311827593694,0.6621826001575225,0.6692340175556757,0.6762854349538289,0.683336852351982,0.6903882697501351,0.6974396871482883,0.7044911045464415,0.7115425219445947,0.7185939393427477,0.7256453567409009,0.7326967741390541,0.7397481915372073,0.7467996089353603,0.7538510263335135,0.7609024437316667,0.7679538611298199,0.775005278527973,0.7820566959261261,0.7891081133242793,0.7961595307224325,0.8032109481205856,0.8102623655187388,0.8173137829168919,0.8243652003150451,0.8314166177131983,0.8384680351113514,0.8455194525095046,0.8525708699076577,0.01418154597204686,0.0,0.0,0.042544637916140576,0.042544637916140576,0.02836309194409372,0.05672618388818744,0.07090772986023429,0.042544637916140576,0.09927082180432763,0.05672618388818767,0.12763391374842123,0.11345236777637534,0.25526782749684246,0.21272318958070374,0.18436009763660846,0.24108628152479755,0.24108628152479564,0.4821725630495913,0.5247172009657359,0.5247172009657359,0.6239880227700594,0.9501635801271359,0.7516219365184865,0.6239880227700643,1.2054314076239783,1.1203421317916975,1.1203421317917064,1.4606992351208323,1.6308777867853823,1.7017855166456164,1.8577825223381461,2.013779528030662,2.070505711918833,2.311591993443629,2.4250443612200034,2.4250443612200416,2.666130642744799,2.651949096772752,3.0490323839900624,2.6094044588566527,3.4744787631514673,3.162484751766437,3.1483032057943903,3.0632139299621577,4.141011423837666,3.5312049470396536,3.9991959641171984,3.843198958424744,3.914106688284918,3.914106688284918,3.8431989584246837,3.9991959641172614,3.5312049470396536,4.141011423837666,3.0632139299621097,3.1483032057944396,3.162484751766437,3.4744787631514673,2.609404458856612,3.049032383990111,2.651949096772752,2.666130642744799,2.4250443612200034,2.4250443612200034,2.3115919934436655,2.070505711918833,2.0137795280306463,1.857782522338131,1.7017855166456433,1.6308777867853823,1.4606992351208208,1.120342131791715,1.1203421317916975,1.2054314076239783,0.6239880227700594,0.7516219365184924,0.9501635801271359,0.6239880227700594,0.5247172009657317,0.52471720096574,0.4821725630495913,0.24108628152479564,0.24108628152479564,0.18436009763661135,0.21272318958070205,0.25526782749684246,0.11345236777637442,0.12763391374842326,0.05672618388818721,0.09927082180432763,0.04254463791614041,0.07090772986023514,0.05672618388818721,0.028363091944093605,0.04254463791614041,0.04254463791614041,0.0,0.0,0.014181545972046803,0.5,0.10427930847896677
1.01,expected,0.25,False,False,100,0,normal,0.2,2.0,2.0,0.75,0.3,0.0889085024608815,0.09713033241166387,0.10535216236244624,0.11357399231322861,0.12179582226401098,0.13001765221479333,0.13823948216557572,0.1464613121163581,0.15468314206714046,0.1629049720179228,0.1711268019687052,0.17934863191948758,0.18757046187026993,0.1957922918210523,0.20401412177183467,0.21223595172261706,0.2204577816733994,0.22867961162418177,0.23690144157496415,0.24512327152574653,0.2533451014765289,0.26156693142731124,0.2697887613780936,0.278010591328876,0.28623242127965837,0.2944542512304407,0.30267608118122313,0.3108979111320055,0.31911974108278784,0.3273415710335702,0.33556340098435256,0.34378523093513497,0.3520070608859173,0.3602288908366997,0.36845072078748203,0.37667255073826444,0.3848943806890468,0.39311621063982916,0.40133804059061157,0.4095598705413939,0.4177817004921763,0.42600353044295863,0.434225360393741,0.4424471903445234,0.45066902029530576,0.4588908502460881,0.4671126801968705,0.4753345101476529,0.48355634009843523,0.4917781700492176,0.49999999999999994,0.5082218299507824,0.5164436599015647,0.5246654898523471,0.5328873198031294,0.5411091497539118,0.5493309797046941,0.5575528096554765,0.5657746396062588,0.5739964695570413,0.5822182995078237,0.5904401294586061,0.5986619594093885,0.6068837893601708,0.6151056193109532,0.6233274492617356,0.6315492792125179,0.6397711091633003,0.6479929391140826,0.656214769064865,0.6644365990156473,0.6726584289664297,0.680880258917212,0.6891020888679944,0.6973239188187768,0.7055457487695591,0.7137675787203417,0.721989408671124,0.7302112386219064,0.7384330685726888,0.7466548985234711,0.7548767284742535,0.7630985584250358,0.7713203883758182,0.7795422183266005,0.7877640482773829,0.7959858782281652,0.8042077081789476,0.81242953812973,0.8206513680805123,0.8288731980312947,0.837095027982077,0.8453168579328596,0.853538687883642,0.8617605178344243,0.8699823477852067,0.878204177735989,0.8864260076867714,0.8946478376375537,0.9028696675883361,0.9110914975391184,0.024325484861307364,0.024325484861307364,0.012162742430653682,0.024325484861307364,0.012162742430653703,0.012162742430653661,0.048650969722614644,0.024325484861307405,0.024325484861307405,0.012162742430653661,0.024325484861307322,0.060813712153268515,0.060813712153268515,0.13379016673719027,0.10946468187588296,0.12162742430653703,0.08513919701457591,0.18244113645980492,0.10946468187588296,0.32839404562765,0.3527195304889574,0.3770450153502648,0.5594861518100666,0.4135332426422259,0.8149037428537981,0.6567880912552955,0.8149037428537981,1.058158591466872,1.1068095611894868,1.1311350460507943,1.0824840763281722,1.3257389249412537,1.5203428038317128,1.7757603948754408,2.043340728349808,1.921713304043285,2.578501395298585,2.408223001269417,2.8339189863423124,2.748779789327737,3.0163601228021184,3.0650110925247334,2.8947326984955617,3.247452228984539,2.906895440926235,2.9555464106488296,3.466381592736305,3.3447541684297684,3.5758462746121884,3.3812423957217295,3.3812423957217064,3.5758462746121884,3.3447541684297684,3.466381592736305,2.9555464106488496,2.906895440926235,3.247452228984539,2.8947326984955812,3.0650110925246916,3.0163601228021184,2.7487797893277,2.8339189863423124,2.408223001269433,2.578501395298585,1.921713304043285,2.043340728349822,1.7757603948754408,1.5203428038317128,1.3257389249412537,1.0824840763281796,1.1311350460507943,1.1068095611894868,1.058158591466872,0.8149037428537981,0.6567880912553,0.8149037428537761,0.4135332426422259,0.5594861518100703,0.3770450153502648,0.3527195304889574,0.32839404562765,0.10946468187588332,0.18244113645980553,0.08513919701457591,0.12162742430653703,0.10946468187588332,0.1337901667371907,0.060813712153268515,0.060813712153268515,0.024325484861307405,0.012162742430653703,0.02432548486130675,0.024325484861307405,0.04865096972261481,0.012162742430653703,0.012162742430653703,0.024325484861307405,0.012162742430653703,0.024325484861307405,0.024325484861307405,0.5,0.1120180212847108
1.01,expected,0.25,False,False,100,0,normal,0.2,2.0,2.0,0.75,0.4,0.05590114589895299,0.06478312298097393,0.07366510006299487,0.08254707714501582,0.09142905422703676,0.10031103130905769,0.10919300839107864,0.11807498547309958,0.1269569625551205,0.13583893963714147,0.1447209167191624,0.15360289380118333,0.1624848708832043,0.17136684796522522,0.18024882504724615,0.1891308021292671,0.19801277921128804,0.20689475629330897,0.21577673337532993,0.22465871045735086,0.23354068753937182,0.24242266462139275,0.2513046417034137,0.26018661878543464,0.2690685958674556,0.2779505729494765,0.2868325500314975,0.2957145271135184,0.30459650419553935,0.3134784812775603,0.32236045835958127,0.3312424354416022,0.34012441252362313,0.34900638960564406,0.357888366687665,0.366770343769686,0.3756523208517069,0.38453429793372784,0.3934162750157488,0.4022982520977697,0.4111802291797907,0.4200622062618116,0.42894418334383255,0.4378261604258535,0.4467081375078744,0.45559011458989535,0.46447209167191633,0.47335406875393726,0.4822360458359582,0.4911180229179791,0.5,0.508881977082021,0.517763954164042,0.5266459312460628,0.5355279083280838,0.5444098854101047,0.5532918624921257,0.5621738395741467,0.5710558166561676,0.5799377937381885,0.5888197708202095,0.5977017479022304,0.6065837249842514,0.6154657020662723,0.6243476791482933,0.6332296562303142,0.6421116333123351,0.6509936103943561,0.659875587476377,0.668757564558398,0.677639541640419,0.6865215187224398,0.6954034958044608,0.7042854728864817,0.7131674499685027,0.7220494270505237,0.7309314041325445,0.7398133812145655,0.7486953582965864,0.7575773353786074,0.7664593124606284,0.7753412895426492,0.7842232666246702,0.7931052437066911,0.8019872207887121,0.810869197870733,0.819751174952754,0.828633152034775,0.8375151291167958,0.8463971061988168,0.8552790832808377,0.8641610603628587,0.8730430374448797,0.8819250145269005,0.8908069916089215,0.8996889686909424,0.9085709457729634,0.9174529228549844,0.9263348999370052,0.9352168770190262,0.9440988541010471,0.011258754562925168,0.0,0.011258754562925159,0.022517509125850318,0.011258754562925176,0.0,0.011258754562925159,0.022517509125850352,0.033776263688775426,0.011258754562925176,0.0,0.011258754562925142,0.09007003650340141,0.07881128194047624,0.10132879106632627,0.09007003650340141,0.09007003650340141,0.15762256388095197,0.18014007300680282,0.34902139145067934,0.31524512776190494,0.22517509125850282,0.30398637319897975,0.6642665192125854,0.641749010086735,0.4503501825170042,0.5516789735833336,0.641749010086735,0.7768540648418372,0.9907704015374093,1.2497217564846945,1.092099192603742,1.4186030749285723,1.7338482026904771,1.5311906205578145,1.7563657118163276,2.2067158943333345,2.3755972127772123,2.4431497401547633,2.330562194525497,2.4544084947176885,3.163710032181975,2.7021010951020425,3.2988150869370765,3.2762975778112264,3.0286049774268538,3.310073841500002,3.2762975778112264,3.6365777238248316,3.1637100321819944,3.163710032181955,3.636577723824809,3.276297577811247,3.310073841499981,3.0286049774268915,3.2762975778112056,3.298815086937056,2.702101095102059,3.163710032181955,2.4544084947176734,2.330562194525526,2.443149740154748,2.375597212777227,2.2067158943333207,1.7563657118163165,1.5311906205578336,1.7338482026904665,1.418603074928581,1.0920991926037353,1.2497217564846868,0.9907704015374217,0.7768540648418323,0.641749010086739,0.5516789735833302,0.4503501825170042,0.641749010086739,0.6642665192125813,0.30398637319898164,0.2251750912585021,0.31524512776190294,0.3490213914506826,0.18014007300680168,0.15762256388095344,0.09007003650340084,0.09007003650340198,0.10132879106632596,0.07881128194047574,0.09007003650340198,0.011258754562925105,0.0,0.011258754562925105,0.033776263688775315,0.022517509125850495,0.011258754562925105,0.0,0.011258754562925105,0.02251750912585021,0.011258754562925247,0.0,0.011258754562925247,0.5,0.11584471697270081
1.01,expected,0.25,False,False,100,0,normal,0.2,2.0,2.0,1.0,0.1,0.12833828727606922,0.13577152153054783,0.14320475578502645,0.15063799003950507,0.15807122429398368,0.1655044585484623,0.1729376928029409,0.18037092705741953,0.18780416131189814,0.19523739556637676,0.20267062982085537,0.210103864075334,0.2175370983298126,0.22497033258429122,0.23240356683876984,0.23983680109324845,0.24727003534772707,0.2547032696022057,0.2621365038566843,0.2695697381111629,0.27700297236564153,0.28443620662012015,0.29186944087459876,0.2993026751290774,0.306735909383556,0.3141691436380346,0.3216023778925132,0.32903561214699184,0.33646884640147046,0.34390208065594907,0.3513353149104277,0.3587685491649063,0.3662017834193849,0.37363501767386353,0.38106825192834215,0.38850148618282077,0.3959347204372994,0.403367954691778,0.4108011889462566,0.41823442320073523,0.42566765745521384,0.43310089170969246,0.4405341259641711,0.4479673602186497,0.4554005944731283,0.4628338287276069,0.47026706298208554,0.47770029723656415,0.48513353149104277,0.4925667657455214,0.5,0.5074332342544786,0.5148664685089572,0.5222997027634358,0.5297329370179145,0.5371661712723931,0.5445994055268717,0.5520326397813503,0.5594658740358289,0.5668991082903075,0.5743323425447862,0.5817655767992648,0.5891988110537434,0.596632045308222,0.6040652795627006,0.6114985138171792,0.6189317480716579,0.6263649823261365,0.6337982165806151,0.6412314508350937,0.6486646850895723,0.6560979193440509,0.6635311535985295,0.6709643878530082,0.6783976221074868,0.6858308563619654,0.693264090616444,0.7006973248709226,0.7081305591254012,0.7155637933798799,0.7229970276343585,0.7304302618888371,0.7378634961433157,0.7452967303977943,0.7527299646522729,0.7601631989067515,0.7675964331612302,0.7750296674157088,0.7824629016701874,0.789896135924666,0.7973293701791446,0.8047626044336232,0.8121958386881019,0.8196290729425805,0.8270623071970591,0.8344955414515377,0.8419287757060163,0.8493620099604949,0.8567952442149736,0.8642284784694522,0.8716617127239308,0.013453094114415776,0.0,0.0,0.0,0.0,0.013453094114415776,0.013453094114415776,0.04035928234324733,0.013453094114415776,0.0,0.026906188228831552,0.013453094114415776,0.04035928234324733,0.06726547057207888,0.08071856468649466,0.10762475291532621,0.12107784702974198,0.053812376457663104,0.10762475291532621,0.2690618822883155,0.21524950583065242,0.20179641171623663,0.30942116463156283,0.3363273528603944,0.538123764576631,0.6188423292631257,0.7399201762928677,0.9955289644667673,0.9955289644667673,1.251137752640667,1.3587625055559933,1.385668693784825,1.6547305760731403,1.318403223212746,1.789261517217298,2.1255888700776926,2.381197658251592,2.3408383759083446,2.636806446425492,2.6771657287687396,3.1345709286588757,3.228742587459786,3.5516168462057647,3.9417565755238226,4.224271551926553,4.372255587185127,4.304990116613048,4.42606796364279,4.7758484106176,4.452974151871622,4.452974151871622,4.7758484106176,4.42606796364279,4.304990116613048,4.372255587185127,4.224271551926553,3.9417565755238226,3.5516168462057647,3.228742587459786,3.1345709286588757,2.6771657287687396,2.636806446425492,2.3408383759083446,2.381197658251592,2.1255888700776926,1.789261517217298,1.318403223212746,1.6547305760731403,1.385668693784825,1.3587625055559933,1.251137752640667,0.9955289644667673,0.9955289644667673,0.7399201762928677,0.6188423292631257,0.538123764576631,0.3363273528603944,0.30942116463156283,0.20179641171623663,0.21524950583065242,0.2690618822883155,0.10762475291532621,0.053812376457663104,0.12107784702974198,0.10762475291532621,0.08071856468649466,0.06726547057207888,0.04035928234324733,0.013453094114415776,0.026906188228831552,0.0,0.013453094114415776,0.04035928234324733,0.013453094114415776,0.013453094114415776,0.0,0.0,0.0,0.0,0.013453094114415776,0.5,0.09052514298954695
1.01,expected,0.25,False,False,100,0,normal,0.2,2.0,2.0,1.0,0.2,0.16049407618349562,0.16728419465982572,0.1740743131361558,0.1808644316124859,0.18765455008881596,0.19444466856514606,0.20123478704147613,0.20802490551780622,0.21481502399413632,0.2216051424704664,0.2283952609467965,0.23518537942312656,0.24197549789945666,0.24876561637578676,0.25555573485211686,0.26234585332844695,0.269135971804777,0.2759260902811071,0.2827162087574372,0.28950632723376724,0.2962964457100974,0.30308656418642743,0.30987668266275753,0.31666680113908763,0.32345691961541767,0.3302470380917478,0.33703715656807787,0.34382727504440797,0.35061739352073806,0.3574075119970681,0.36419763047339826,0.3709877489497283,0.3777778674260584,0.3845679859023885,0.39135810437871854,0.3981482228550487,0.40493834133137874,0.4117284598077088,0.41851857828403893,0.425308696760369,0.43209881523669913,0.4388889337130292,0.4456790521893592,0.45246917066568937,0.4592592891420194,0.46604940761834956,0.4728395260946796,0.47962964457100965,0.4864197630473398,0.49320988152366985,0.5,0.50679011847633,0.5135802369526601,0.5203703554289902,0.5271604739053203,0.5339505923816504,0.5407407108579805,0.5475308293343105,0.5543209478106407,0.5611110662869707,0.5679011847633009,0.5746913032396309,0.581481421715961,0.5882715401922911,0.5950616586686212,0.6018517771449513,0.6086418956212813,0.6154320140976114,0.6222221325739415,0.6290122510502716,0.6358023695266017,0.6425924880029318,0.6493826064792618,0.656172724955592,0.662962843431922,0.6697529619082522,0.6765430803845822,0.6833331988609124,0.6901233173372424,0.6969134358135725,0.7037035542899026,0.7104936727662327,0.7172837912425628,0.7240739097188928,0.7308640281952229,0.737654146671553,0.7444442651478831,0.7512343836242132,0.7580245021005433,0.7648146205768733,0.7716047390532035,0.7783948575295335,0.7851849760058637,0.7919750944821937,0.7987652129585238,0.8055553314348539,0.812345449911184,0.8191355683875141,0.8259256868638442,0.8327158053401742,0.8395059238165044,0.014727283529527997,0.0,0.014727283529527997,0.05890913411811223,0.0,0.044181850588584176,0.05890913411811199,0.08836370117716799,0.05890913411811223,0.029454567059055994,0.0736364176476403,0.05890913411811199,0.08836370117716799,0.08836370117716799,0.13254555176575197,0.13254555176575306,0.25036382000197593,0.27981838706103196,0.368182088238203,0.4123639388267806,0.35345480470867485,0.41236393882678396,0.5890913411811198,0.45654578941537166,0.957273429419312,0.8100005941240466,1.1192735482441278,1.1045462647145998,1.1929099658917777,1.4874556364823157,1.2518191000098902,1.458001069423272,1.6052739047185518,2.3710926482540273,2.5478200506083226,2.253274380017802,2.73927473649223,2.857093004728408,3.2547296600257143,3.181093242378022,2.960183989435152,3.7996391506182547,3.8438210012067766,3.8290937176773108,3.858548284736304,4.020548403561176,4.609639744742301,4.197275805915446,4.020548403561176,4.241457656504029,4.241457656504098,4.020548403561176,4.197275805915446,4.609639744742301,4.0205484035611105,3.8585482847363672,3.8290937176773108,3.8438210012067766,3.7996391506182547,2.9601839894351034,3.1810932423780733,3.2547296600257143,2.857093004728408,2.73927473649223,2.2532743800177655,2.5478200506083644,2.3710926482540273,1.6052739047185387,1.4580010694232837,1.2518191000098695,1.48745563648234,1.1929099658917777,1.104546264714591,1.1192735482441372,0.8100005941240332,0.9572734294193277,0.4565457894153642,0.5890913411811247,0.4123639388267873,0.3534548047086691,0.4123639388267873,0.368182088238197,0.2798183870610343,0.250363820001978,0.13254555176575092,0.13254555176575306,0.08836370117716727,0.08836370117716871,0.05890913411811248,0.0736364176476394,0.02945456705905624,0.058909134118111516,0.08836370117716871,0.05890913411811248,0.044181850588583635,0.0,0.058909134118111516,0.01472728352952812,0.0,0.014727283529527879,0.5,0.09294683483431751
1.01,expected,0.25,False,False,100,0,normal,0.2,2.0,2.0,1.0,0.3,0.14779585931852862,0.15483994213215804,0.1618840249457875,0.1689281077594169,0.17597219057304633,0.18301627338667575,0.1900603562003052,0.19710443901393462,0.20414852182756404,0.2111926046411935,0.21823668745482291,0.22528077026845233,0.23232485308208178,0.23936893589571118,0.24641301870934063,0.2534571015229701,0.26050118433659947,0.2675452671502289,0.2745893499638583,0.28163343277748776,0.2886775155911172,0.29572159840474666,0.30276568121837605,0.30980976403200544,0.3168538468456349,0.32389792965926434,0.3309420124728938,0.33798609528652324,0.34503017810015263,0.352074260913782,0.35911834372741147,0.3661624265410409,0.37320650935467037,0.38025059216829976,0.3872946749819292,0.3943387577955586,0.40138284060918805,0.4084269234228175,0.4154710062364469,0.42251508905007634,0.4295591718637058,0.4366032546773352,0.44364733749096463,0.4506914203045941,0.4577355031182235,0.4647795859318529,0.4718236687454823,0.47886775155911177,0.4859118343727412,0.4929559171863706,0.5,0.5070440828136296,0.5140881656272589,0.5211322484408883,0.5281763312545178,0.5352204140681471,0.5422644968817767,0.549308579695406,0.5563526625090355,0.5633967453226649,0.5704408281362943,0.5774849109499238,0.5845289937635532,0.5915730765771826,0.5986171593908121,0.6056612422044415,0.612705325018071,0.6197494078317003,0.6267934906453299,0.6338375734589592,0.6408816562725886,0.6479257390862181,0.6549698218998474,0.662013904713477,0.6690579875271063,0.6761020703407359,0.6831461531543652,0.6901902359679946,0.6972343187816241,0.7042784015952535,0.711322484408883,0.7183665672225124,0.7254106500361417,0.7324547328497713,0.7394988156634006,0.7465428984770301,0.7535869812906595,0.7606310641042888,0.7676751469179184,0.7747192297315477,0.7817633125451773,0.7888073953588066,0.795851478172436,0.8028955609860655,0.8099396437996949,0.8169837266133244,0.8240278094269538,0.8310718922405833,0.8381159750542126,0.845160057867842,0.8522041406814714,0.04258893711748213,0.0,0.028392624744988087,0.014196312372494043,0.056785249489976174,0.028392624744987972,0.028392624744988087,0.056785249489976174,0.07098156186246994,0.04258893711748213,0.09937418660745831,0.14196312372493988,0.0993741866074587,0.14196312372493988,0.2129446855874098,0.25553362270489377,0.1987483732149158,0.3691041216848466,0.38330043405733766,0.4400856835473136,0.48267462066479555,0.6388340567622345,0.5110672454097875,0.7949934928596633,0.8375824299771454,1.0079381784470731,1.135704989799519,1.0647234279370574,1.3912386125044216,1.4196312372493987,1.8029316713067365,1.8313242960517244,1.7887353589342565,1.9448947950316764,2.2146247301090796,2.5269436023039296,2.299802604344026,2.8108698497538316,2.9528329734787495,2.8108698497538094,3.1799739714386783,3.307740782791099,3.151581346693665,3.3787223446535957,3.435507594143545,3.7052375292209594,3.7762190910834006,3.6910412168484372,3.9749674642983477,4.400856835473171,4.400856835473067,3.9749674642983788,3.6910412168484372,3.7762190910834006,3.7052375292209896,3.4355075941434907,3.378722344653622,3.151581346693665,3.307740782791099,3.179973971438703,2.810869849753765,2.952832973478796,2.8108698497538094,2.299802604344026,2.5269436023039296,2.2146247301090622,1.944894795031707,1.7887353589342143,1.831324296051753,1.8029316713067365,1.4196312372493987,1.3912386125044327,1.0647234279370323,1.1357049897995368,1.0079381784470571,0.8375824299771584,0.7949934928596758,0.5110672454097754,0.6388340567622395,0.48267462066478795,0.4400856835473205,0.3833004340573437,0.36910412168483786,0.19874837321491895,0.2555336227048877,0.2129446855874132,0.1419631237249421,0.09937418660745634,0.1419631237249421,0.09937418660745634,0.042588937117482635,0.07098156186247105,0.056785249489975057,0.02839262474498842,0.028392624744987528,0.05678524948997684,0.014196312372493764,0.02839262474498842,0.0,0.04258893711748196,0.5,0.10224456288678896
1.01,expected,0.25,False,False,100,0,normal,0.2,2.0,2.0,1.0,0.4,0.12575549781963796,0.1332403878632452,0.14072527790685244,0.1482101679504597,0.15569505799406694,0.16317994803767416,0.1706648380812814,0.17814972812488866,0.1856346181684959,0.19311950821210314,0.2006043982557104,0.2080892882993176,0.21557417834292486,0.2230590683865321,0.23054395843013936,0.2380288484737466,0.24551373851735384,0.2529986285609611,0.2604835186045683,0.26796840864817556,0.2754532986917828,0.28293818873539,0.2904230787789973,0.2979079688226045,0.30539285886621176,0.312877748909819,0.32036263895342626,0.3278475289970335,0.3353324190406407,0.342817309084248,0.3503021991278552,0.35778708917146246,0.3652719792150697,0.37275686925867696,0.3802417593022842,0.38772664934589146,0.39521153938949866,0.4026964294331059,0.41018131947671316,0.4176662095203204,0.42515109956392766,0.4326359896075349,0.4401208796511421,0.44760576969474936,0.4550906597383566,0.46257554978196386,0.4700604398255711,0.47754532986917836,0.48503021991278555,0.4925151099563928,0.5,0.5074848900436073,0.5149697800872146,0.5224546701308218,0.529939560174429,0.5374244502180363,0.5449093402616435,0.5523942303052507,0.559879120348858,0.5673640103924653,0.5748489004360725,0.5823337904796797,0.589818680523287,0.5973035705668942,0.6047884606105014,0.6122733506541087,0.619758240697716,0.6272431307413231,0.6347280207849304,0.6422129108285377,0.649697800872145,0.6571826909157521,0.6646675809593594,0.6721524710029667,0.6796373610465738,0.6871222510901811,0.6946071411337884,0.7020920311773955,0.7095769212210028,0.7170618112646101,0.7245467013082174,0.7320315913518245,0.7395164813954318,0.7470013714390391,0.7544862614826462,0.7619711515262535,0.7694560415698608,0.7769409316134681,0.7844258216570752,0.7919107117006825,0.7993956017442898,0.8068804917878969,0.8143653818315042,0.8218502718751115,0.8293351619187188,0.8368200519623259,0.8443049420059332,0.8517898320495405,0.8592747220931476,0.8667596121367549,0.8742445021803621,0.013360249705392629,0.013360249705392678,0.026720499410785258,0.0,0.04008074911617804,0.053440998821570516,0.013360249705392629,0.013360249705392629,0.05344099882157071,0.08016149823235579,0.09352174793774876,0.053440998821570516,0.06680124852696315,0.14696274675931892,0.09352174793774841,0.24048449469706826,0.2004037455808887,0.2672049941078546,0.24048449469706734,0.4809689893941347,0.38744724145638915,0.42752799057256097,0.694732984680422,0.4408882402779568,0.7080932343858094,0.8016149823235578,1.0287392273152325,1.0554597267260257,1.1222609752529726,1.2692237220123093,1.5898697149417231,1.5097082167093672,1.4161864687716188,1.9906772061035019,2.0975592037466426,2.3113231990329424,2.4315654463814584,2.7655716890162743,2.5785281931407775,3.0594971825349124,2.5384474440246,3.2331804287050403,3.0060561837133415,3.674068668982973,3.727509667804544,3.7675904169207213,3.9279134133854336,3.5805469210452516,3.633987919866795,3.834391665447713,3.834391665447656,3.633987919866768,3.5805469210452516,3.9279134133854625,3.7675904169206937,3.7275096678045716,3.6740686689830007,3.0060561837133193,3.2331804287049923,2.5384474440246185,3.0594971825349346,2.5785281931407584,2.7655716890162947,2.4315654463814766,2.3113231990329077,2.0975592037466275,1.9906772061035463,1.4161864687716084,1.509708216709356,1.5898697149417111,1.2692237220123281,1.1222609752529726,1.05545972672601,1.0287392273152554,0.8016149823235519,0.7080932343858042,0.44088824027796664,0.6947329846804116,0.42752799057256097,0.3874472414563834,0.4809689893941454,0.24048449469706557,0.2672049941078506,0.2004037455808939,0.24048449469706557,0.09352174793774772,0.14696274675931784,0.06680124852696463,0.05344099882157012,0.09352174793774772,0.08016149823235756,0.05344099882157012,0.01336024970539253,0.01336024970539253,0.05344099882157172,0.040080749116177594,0.0,0.02672049941078586,0.01336024970539253,0.01336024970539273,0.5,0.10444985737149554
1.01,expected,0.25,False,False,100,0,normal,0.2,2.0,2.0,1.25,0.1,0.1661632691763482,0.17284000379282122,0.17951673840929427,0.1861934730257673,0.19287020764224033,0.1995469422587134,0.20622367687518642,0.21290041149165945,0.21957714610813248,0.2262538807246055,0.23293061534107856,0.2396073499575516,0.24628408457402462,0.2529608191904977,0.25963755380697073,0.26631428842344373,0.2729910230399168,0.27966775765638985,0.28634449227286285,0.29302122688933585,0.29969796150580896,0.30637469612228196,0.31305143073875497,0.319728165355228,0.3264048999717011,0.3330816345881741,0.33975836920464714,0.3464351038211202,0.3531118384375932,0.35978857305406625,0.3664653076705393,0.3731420422870123,0.37981877690348537,0.3864955115199584,0.3931722461364314,0.3998489807529045,0.40652571536937754,0.41320244998585054,0.41987918460232354,0.42655591921879665,0.43323265383526965,0.43990938845174266,0.44658612306821577,0.45326285768468877,0.45993959230116177,0.4666163269176349,0.4732930615341079,0.4799697961505809,0.486646530767054,0.493323265383527,0.5,0.5066767346164731,0.5133534692329461,0.5200302038494191,0.5267069384658922,0.5333836730823652,0.5400604076988382,0.5467371423153113,0.5534138769317843,0.5600906115482573,0.5667673461647303,0.5734440807812035,0.5801208153976765,0.5867975500141495,0.5934742846306226,0.6001510192470956,0.6068277538635686,0.6135044884800417,0.6201812230965147,0.6268579577129877,0.6335346923294608,0.6402114269459338,0.6468881615624068,0.6535648961788799,0.6602416307953529,0.6669183654118259,0.6735951000282989,0.680271834644772,0.686948569261245,0.693625303877718,0.7003020384941911,0.7069787731106641,0.7136555077271372,0.7203322423436103,0.7270089769600833,0.7336857115765563,0.7403624461930294,0.7470391808095024,0.7537159154259754,0.7603926500424485,0.7670693846589215,0.7737461192753945,0.7804228538918675,0.7870995885083406,0.7937763231248136,0.8004530577412866,0.8071297923577597,0.8138065269742327,0.8204832615907057,0.8271599962071788,0.8338367308236518,0.014977381271569064,0.0,0.0,0.0,0.0,0.014977381271569064,0.0,0.04493214381470719,0.0,0.0,0.014977381271569064,0.059909525086276255,0.08986428762941401,0.044932143814707004,0.059909525086276505,0.10484166890098302,0.11981905017255201,0.20968333780196777,0.19470595653039863,0.22466071907353316,0.4043892943323664,0.4043892943323664,0.49425358196177704,0.584117869591191,0.6889595384921797,0.6739821572206051,0.7638464448500191,1.1832131204539609,1.04841668900983,1.3180095518980721,1.5426702709716198,1.872172658946125,1.5276928897000381,2.066878615476539,2.231629809463781,2.5162000536235922,2.501222672352044,3.0853405419432396,3.0853405419431885,3.3848881673746227,3.804254842978558,3.759322699163788,4.013938180780526,4.103802468409941,4.058870324595166,4.133757230953078,4.358417950026615,4.358417950026543,4.97249058216095,4.747829863087413,4.7478298630873335,4.97249058216095,4.358417950026615,4.358417950026543,4.133757230953078,4.058870324595233,4.103802468409873,4.013938180780526,3.7593226991638504,3.804254842978558,3.384888167374566,3.0853405419432396,3.0853405419432396,2.5012226723520024,2.516200053623613,2.2316298094638,2.066878615476505,1.527692889700051,1.8721726589461407,1.5426702709715943,1.318009551898083,1.0484166890098388,1.1832131204539413,0.7638464448500255,0.6739821572206107,0.6889595384921797,0.5841178695911862,0.49425358196178115,0.4043892943323664,0.40438929433235965,0.22466071907353688,0.19470595653039863,0.20968333780196427,0.11981905017255301,0.10484166890098388,0.059909525086275506,0.04493214381470738,0.08986428762941476,0.059909525086275506,0.014977381271569126,0.0,0.0,0.04493214381470663,0.0,0.014977381271569126,0.0,0.0,0.0,0.0,0.014977381271569126,0.5,0.08498240199700702
1.01,expected,0.25,False,False,100,0,normal,0.2,2.0,2.0,1.25,0.2,0.1398800902566208,0.14708248845148839,0.15428488664635595,0.16148728484122354,0.1686896830360911,0.1758920812309587,0.1830944794258263,0.19029687762069386,0.19749927581556145,0.20470167401042905,0.2119040722052966,0.2191064704001642,0.2263088685950318,0.23351126678989936,0.24071366498476696,0.24791606317963455,0.2551184613745021,0.2623208595693697,0.26952325776423725,0.27672565595910487,0.28392805415397243,0.29113045234884005,0.2983328505437076,0.3055352487385752,0.31273764693344275,0.31994004512831037,0.32714244332317793,0.33434484151804555,0.3415472397129131,0.3487496379077807,0.35595203610264825,0.3631544342975158,0.37035683249238344,0.37755923068725106,0.3847616288821186,0.3919640270769862,0.39916642527185375,0.4063688234667214,0.41357122166158894,0.4207736198564565,0.42797601805132407,0.4351784162461917,0.44238081444105926,0.4495832126359268,0.45678561083079444,0.463988009025662,0.4711904072205296,0.4783928054153972,0.48559520361026476,0.4927976018051323,0.49999999999999994,0.5072023981948675,0.5144047963897351,0.5216071945846027,0.5288095927794703,0.5360119909743378,0.5432143891692054,0.5504167873640731,0.5576191855589405,0.5648215837538082,0.5720239819486758,0.5792263801435433,0.5864287783384109,0.5936311765332785,0.6008335747281461,0.6080359729230136,0.6152383711178813,0.6224407693127488,0.6296431675076164,0.6368455657024841,0.6440479638973515,0.6512503620922192,0.6584527602870867,0.6656551584819543,0.672857556676822,0.6800599548716895,0.6872623530665571,0.6944647512614246,0.7016671494562923,0.7088695476511597,0.7160719458460274,0.7232743440408951,0.7304767422357625,0.7376791404306302,0.7448815386254977,0.7520839368203653,0.7592863350152328,0.7664887332101005,0.7736911314049681,0.7808935295998356,0.7880959277947033,0.7952983259895707,0.8025007241844384,0.8097031223793061,0.8169055205741735,0.8241079187690412,0.8313103169639087,0.8385127151587763,0.8457151133536438,0.8529175115485115,0.8601199097433792,0.01388426428175822,0.0,0.0,0.0,0.02776852856351644,0.0,0.013884264281758275,0.0,0.041652792845274664,0.013884264281758275,0.02776852856351644,0.01388426428175822,0.013884264281758275,0.041652792845274664,0.09718984997230753,0.1110741142540662,0.06942132140879137,0.12495837853582445,0.1249583785358235,0.2499167570716489,0.249916757071647,0.23603249278989064,0.29156954991692374,0.5137177784250561,0.499833514143294,0.5692548355520892,0.7219817426514246,0.6942132140879136,0.9024771783142879,1.0968568782589037,1.3467736353305524,1.5411533352751565,1.5966903924021891,1.7633015637833007,1.9021442066008833,2.221482285081324,2.6657787420975683,2.6241259492523135,2.943464027732754,2.9712325562962705,3.6237929775388817,3.6376772418206675,3.8737097346105585,3.8042884132017374,4.193047813090999,4.2763533987815485,4.401311777317338,4.331890455908582,4.3735432487538555,4.5679229486984365,4.567922948698508,4.373543248753789,4.331890455908582,4.401311777317373,4.2763533987815485,4.193047813090999,3.8042884132017085,3.873709734610618,3.6376772418206116,3.6237929775389093,2.9712325562962705,2.943464027732754,2.6241259492523135,2.6657787420975474,2.221482285081358,1.9021442066008543,1.7633015637833007,1.5966903924022013,1.5411533352751445,1.3467736353305733,1.0968568782588868,0.9024771783143016,0.694213214087903,0.721981742651419,0.569254835552098,0.4998335141432902,0.5137177784250639,0.29156954991691925,0.2360324927898943,0.2499167570716451,0.2499167570716451,0.12495837853582639,0.12495837853582255,0.06942132140879244,0.11107411425406447,0.09718984997230941,0.04165279284527418,0.013884264281758058,0.013884264281758487,0.027768528563516116,0.013884264281758487,0.04165279284527418,0.0,0.013884264281758487,0.0,0.027768528563516973,0.0,0.0,0.0,0.013884264281758058,0.5,0.08752152660517126
1.01,expected,0.25,False,False,100,0,normal,0.2,2.0,2.0,1.25,0.3,0.15204259106064533,0.15900173923943242,0.16596088741821952,0.1729200355970066,0.1798791837757937,0.1868383319545808,0.1937974801333679,0.200756628312155,0.20771577649094208,0.21467492466972915,0.22163407284851627,0.22859322102730334,0.23555236920609046,0.24251151738487753,0.24947066556366465,0.2564298137424517,0.26338896192123884,0.2703481101000259,0.277307258278813,0.2842664064576001,0.2912255546363872,0.2981847028151743,0.30514385099396135,0.3121029991727485,0.3190621473515356,0.32602129553032266,0.33298044370910973,0.33993959188789685,0.346898740066684,0.35385788824547104,0.3608170364242581,0.36777618460304523,0.37473533278183235,0.3816944809606194,0.3886536291394065,0.3956127773181936,0.4025719254969807,0.4095310736757678,0.41649022185455487,0.423449370033342,0.43040851821212905,0.4373676663909162,0.44432681456970324,0.45128596274849037,0.45824511092727743,0.46520425910606455,0.4721634072848516,0.47912255546363874,0.4860817036424258,0.49304085182121293,0.5,0.5069591481787872,0.5139182963575741,0.5208774445363613,0.5278365927151484,0.5347957408939354,0.5417548890727226,0.5487140372515097,0.5556731854302968,0.5626323336090839,0.5695914817878709,0.5765506299666581,0.5835097781454451,0.5904689263242322,0.5974280745030194,0.6043872226818063,0.6113463708605935,0.6183055190393806,0.6252646672181676,0.6322238153969548,0.6391829635757419,0.646142111754529,0.653101259933316,0.6600604081121032,0.6670195562908903,0.6739787044696773,0.6809378526484644,0.6878970008272516,0.6948561490060386,0.7018152971848257,0.7087744453636128,0.7157335935424,0.722692741721187,0.7296518898999741,0.7366110380787612,0.7435701862575483,0.7505293344363354,0.7574884826151225,0.7644476307939095,0.7714067789726967,0.7783659271514838,0.7853250753302708,0.7922842235090579,0.7992433716878451,0.8062025198666322,0.8131616680454192,0.8201208162242063,0.8270799644029934,0.8340391125817805,0.8409982607605676,0.8479574089393547,0.014369574756982533,0.0,0.0,0.0,0.0,0.014369574756982533,0.0431087242709476,0.014369574756982533,0.04310872427094777,0.08621744854189485,0.04310872427094777,0.10058702329887732,0.10058702329887813,0.15806532232680723,0.04310872427094777,0.20117404659775465,0.18680447184077367,0.20117404659775626,0.301761069896632,0.301761069896632,0.5173046912513732,0.4023480931955125,0.603522139793264,0.5029351164943866,0.804696186391025,0.7472178873630947,0.6610004388211939,0.7759570368770536,1.1495659805586071,1.4513270504552416,1.3938487514273001,1.8536751436507395,1.9686317417066148,1.8105664193798063,2.284762386360214,2.284762386360232,2.931393250424425,2.629632180527814,2.9170236756674424,3.132567297022205,3.4918066659467417,3.6211328387596127,3.333741343619934,3.8366764601143513,4.066589656226041,4.10969838049702,4.526416048449479,4.009111357198143,4.282133277580778,3.8941547591422823,3.8941547591422196,4.28213327758088,4.009111357198079,4.526416048449516,4.10969838049702,4.066589656226008,3.8366764601143513,3.333741343619961,3.6211328387595545,3.4918066659468248,3.1325672970221543,2.917023675667466,2.629632180527814,2.9313932504244016,2.2847623863602684,2.2847623863601956,1.8105664193798063,1.9686317417066148,1.8536751436507246,1.3938487514273112,1.4513270504552416,1.1495659805586071,0.7759570368770474,0.6610004388211992,0.7472178873630947,0.804696186391025,0.5029351164943826,0.6035221397932689,0.4023480931955125,0.5173046912513732,0.3017610698966296,0.3017610698966344,0.20117404659775626,0.18680447184077367,0.20117404659775304,0.04310872427094777,0.1580653223268085,0.10058702329887813,0.10058702329887652,0.04310872427094777,0.08621744854189554,0.04310872427094777,0.01436957475698236,0.04310872427094777,0.014369574756982589,0.0,0.0,0.0,0.0,0.014369574756982589,0.5,0.09321769718511133
1.01,expected,0.25,False,False,100,0,normal,0.2,2.0,2.0,1.25,0.4,0.08859098060174074,0.09681916098970593,0.1050473413776711,0.1132755217656363,0.12150370215360148,0.12973188254156665,0.13796006292953183,0.14618824331749702,0.1544164237054622,0.1626446040934274,0.1708727844813926,0.17910096486935778,0.18732914525732297,0.19555732564528813,0.20378550603325332,0.21201368642121848,0.22024186680918367,0.22847004719714886,0.23669822758511405,0.24492640797307924,0.25315458836104443,0.2613827687490096,0.2696109491369748,0.27783912952494,0.2860673099129052,0.2942954903008703,0.3025236706888355,0.3107518510768007,0.3189800314647659,0.3272082118527311,0.33543639224069627,0.34366457262866146,0.35189275301662665,0.36012093340459184,0.368349113792557,0.3765772941805222,0.3848054745684874,0.3930336549564526,0.4012618353444177,0.4094900157323829,0.4177181961203481,0.4259463765083133,0.4341745568962785,0.4424027372842437,0.45063091767220886,0.45885909806017405,0.46708727844813924,0.47531545883610443,0.4835436392240696,0.49177181961203476,0.49999999999999994,0.5082281803879651,0.5164563607759303,0.5246845411638955,0.5329127215518606,0.5411409019398259,0.549369082327791,0.5575972627157563,0.5658254431037214,0.5740536234916865,0.5822818038796518,0.590509984267617,0.5987381646555822,0.6069663450435474,0.6151945254315125,0.6234227058194777,0.6316508862074429,0.639879066595408,0.6481072469833733,0.6563354273713384,0.6645636077593037,0.6727917881472688,0.681019968535234,0.6892481489231992,0.6974763293111644,0.7057045096991296,0.7139326900870947,0.72216087047506,0.7303890508630251,0.7386172312509903,0.7468454116389555,0.7550735920269207,0.7633017724148858,0.7715299528028511,0.7797581331908162,0.7879863135787815,0.7962144939667466,0.8044426743547117,0.812670854742677,0.8208990351306421,0.8291272155186074,0.8373553959065725,0.8455835762945377,0.8538117566825029,0.8620399370704681,0.8702681174584332,0.8784962978463985,0.8867244782343636,0.8949526586223288,0.903180839010294,0.9114090193982591,0.012153355333126063,0.0,0.012153355333126063,0.0,0.0,0.024306710666252125,0.024306710666252125,0.012153355333126063,0.012153355333126063,0.012153355333126063,0.06076677666563031,0.012153355333126063,0.03646006599937831,0.036460065999378184,0.04861342133250441,0.0972268426650085,0.012153355333126063,0.14584026399751274,0.13368690866438668,0.12153355333126062,0.23091375132939515,0.194453685330017,0.194453685330017,0.26737381732877336,0.38890737066003656,0.4739808579919164,0.583361055990051,0.6684345433219334,0.6198211219894292,0.9844217819832108,0.8628882286519504,1.1302620459807236,1.4948627059745054,1.4462492846420012,1.7257764573039007,2.357750934626456,2.357750934626456,2.467131132624607,2.552204619956473,2.6372781072883553,3.3421727166096673,3.0626455439477676,3.646006599937818,3.5973931786053144,3.9619938385990956,3.658159955270944,3.500166335940306,4.217214300594744,3.6946200212703477,3.6338532446046927,3.6338532446046927,3.6946200212703477,4.217214300594715,3.500166335940329,3.65815995527092,3.9619938385991227,3.5973931786052895,3.646006599937843,3.0626455439477884,3.3421727166096447,2.6372781072883376,2.5522046199564903,2.4671311326245737,2.357750934626472,2.357750934626472,1.725776457303889,1.4462492846420112,1.4948627059744954,1.1302620459807313,0.8628882286519445,0.9844217819832176,0.619821121989425,0.6684345433219379,0.5833610559900471,0.4739808579919196,0.38890737066003656,0.2673738173287716,0.19445368533001828,0.19445368533001567,0.23091375132939673,0.1215335533312598,0.13368690866438757,0.14584026399751177,0.012153355333126142,0.09722684266500783,0.04861342133250457,0.03646006599937843,0.03646006599937794,0.012153355333126142,0.0607667766656299,0.012153355333126142,0.01215335533312598,0.012153355333126142,0.02430671066625196,0.024306710666252285,0.0,0.0,0.012153355333126142,0.0,0.012153355333126142,0.5,0.09825667003752546
1.01,expected,0.25,False,False,100,0,normal,0.2,2.0,2.0,1.5,0.1,0.1686227595508787,0.1752503043598611,0.18187784916884353,0.18850539397782595,0.19513293878680837,0.2017604835957908,0.20838802840477325,0.21501557321375567,0.2216431180227381,0.2282706628317205,0.23489820764070293,0.24152575244968538,0.2481532972586678,0.2547808420676502,0.26140838687663265,0.26803593168561507,0.2746634764945975,0.2812910213035799,0.28791856611256234,0.29454611092154476,0.3011736557305272,0.30780120053950966,0.3144287453484921,0.3210562901574745,0.3276838349664569,0.33431137977543934,0.34093892458442177,0.3475664693934042,0.3541940142023866,0.36082155901136903,0.36744910382035145,0.3740766486293339,0.3807041934383163,0.3873317382472987,0.39395928305628114,0.40058682786526356,0.407214372674246,0.4138419174832284,0.4204694622922108,0.42709700710119325,0.43372455191017567,0.44035209671915815,0.44697964152814057,0.453607186337123,0.4602347311461054,0.46686227595508784,0.47348982076407026,0.4801173655730527,0.4867449103820351,0.4933724551910175,0.49999999999999994,0.5066275448089823,0.5132550896179648,0.5198826344269472,0.5265101792359297,0.533137724044912,0.5397652688538945,0.546392813662877,0.5530203584718594,0.5596479032808418,0.5662754480898242,0.5729029928988066,0.5795305377077891,0.5861580825167715,0.5927856273257539,0.5994131721347363,0.6060407169437187,0.6126682617527012,0.6192958065616836,0.625923351370666,0.6325508961796484,0.6391784409886309,0.6458059857976133,0.6524335306065958,0.6590610754155781,0.6656886202245607,0.672316165033543,0.6789437098425254,0.6855712546515078,0.6921987994604902,0.6988263442694727,0.7054538890784552,0.7120814338874376,0.71870897869642,0.7253365235054025,0.7319640683143849,0.7385916131233673,0.7452191579323497,0.7518467027413321,0.7584742475503146,0.765101792359297,0.7717293371682794,0.7783568819772618,0.7849844267862442,0.7916119715952267,0.7982395164042091,0.8048670612131915,0.8114946060221739,0.8181221508311564,0.8247496956401388,0.8313772404491212,0.015088543779359793,0.0,0.0,0.0,0.0,0.0,0.0,0.0,0.0,0.030177087558719586,0.015088543779359727,0.06035417511743917,0.015088543779359793,0.015088543779359793,0.09053126267615874,0.09053126267615874,0.09053126267615874,0.1659739815729577,0.10561980645551855,0.1659739815729577,0.21123961291103532,0.31685941936655565,0.4073906820427144,0.3470365069252752,0.4224792258220742,0.6638959262918308,0.648807382512471,0.8902240829822277,0.935489714320307,1.3579689401423813,1.5239429217153388,1.4183231152598204,1.5541200092740586,1.9162450599786935,1.9313336037580535,2.112396129110371,2.7310264240641224,2.91208894941644,3.1535056498861964,3.9230213826335456,3.440187981694004,3.651427594605069,3.9682870139716253,4.7076256591602545,4.420943327352419,4.7679798342776945,5.099927797423609,4.783068378057053,5.130104884982329,5.235724691437848,5.235724691437891,5.130104884982243,4.783068378057134,5.099927797423525,4.767979834277774,4.420943327352345,4.7076256591602545,3.9682870139716253,3.651427594605069,3.440187981694032,3.9230213826335456,3.1535056498861964,2.91208894941644,2.7310264240641224,2.112396129110371,1.9313336037580535,1.9162450599786935,1.5541200092740586,1.4183231152598204,1.5239429217153388,1.3579689401423813,0.935489714320307,0.8902240829822127,0.6488073825124819,0.6638959262918197,0.4224792258220812,0.3470365069252752,0.4073906820427144,0.31685941936655565,0.2112396129110371,0.16597398157295493,0.10561980645551855,0.1659739815729577,0.09053126267615874,0.09053126267615874,0.09053126267615874,0.015088543779359793,0.015088543779359793,0.06035417511743917,0.015088543779359793,0.030177087558719586,0.0,0.0,0.0,0.0,0.0,0.0,0.0,0.0,0.015088543779359793,0.5,0.07852125187606103
1.01,expected,0.25,False,False,100,0,normal,0.2,2.0,2.0,1.5,0.2,0.1895816369022001,0.1957900041641561,0.2019983714261121,0.20820673868806808,0.21441510595002408,0.2206234732119801,0.22683184047393606,0.23304020773589207,0.23924857499784807,0.24545694225980408,0.2516653095217601,0.2578736767837161,0.26408204404567204,0.2702904113076281,0.27649877856958405,0.28270714583154005,0.28891551309349606,0.29512388035545206,0.30133224761740807,0.307540614879364,0.3137489821413201,0.319957349403276,0.32616571666523203,0.33237408392718804,0.33858245118914404,0.34479081845110005,0.35099918571305605,0.35720755297501205,0.363415920236968,0.36962428749892406,0.37583265476088,0.382041022022836,0.388249389284792,0.39445775654674803,0.40066612380870403,0.40687449107066,0.41308285833261604,0.419291225594572,0.425499592856528,0.431707960118484,0.43791632738044,0.444124694642396,0.450333061904352,0.456541429166308,0.46274979642826397,0.46895816369022,0.475166530952176,0.481374898214132,0.487583265476088,0.493791632738044,0.5,0.506208367261956,0.512416734523912,0.518625101785868,0.524833469047824,0.53104183630978,0.5372502035717359,0.543458570833692,0.549666938095648,0.555875305357604,0.5620836726195599,0.5682920398815159,0.574500407143472,0.580708774405428,0.586917141667384,0.5931255089293399,0.599333876191296,0.605542243453252,0.611750610715208,0.6179589779771639,0.6241673452391199,0.6303757125010759,0.636584079763032,0.642792447024988,0.6490008142869439,0.6552091815489,0.6614175488108559,0.667625916072812,0.6738342833347679,0.6800426505967239,0.6862510178586799,0.6924593851206359,0.6986677523825919,0.7048761196445479,0.7110844869065039,0.7172928541684599,0.723501221430416,0.7297095886923719,0.7359179559543279,0.7421263232162839,0.7483346904782399,0.7545430577401959,0.7607514250021519,0.7669597922641079,0.7731681595260639,0.7793765267880199,0.7855848940499759,0.7917932613119318,0.7980016285738879,0.8042099958358438,0.8104183630977999,0.016107294523760834,0.0,0.016107294523760904,0.0,0.0,0.03221458904752181,0.0483218835712825,0.0,0.08053647261880417,0.06442917809504334,0.096643767142565,0.16107294523760976,0.048321883571282066,0.17718023976137076,0.17718023976136918,0.16107294523760834,0.20939482880889085,0.22550212333265168,0.3060385959514586,0.3382531849989745,0.43489695214154644,0.45100424666530337,0.7087209590454767,0.6926136645217159,0.9181157878543675,1.0308668495206934,1.2080470892820625,1.0469741440444635,1.4818710961859836,1.562407568804815,1.7234805140424094,1.7879096921374527,2.255021233326517,1.948982637375061,2.7060254799918444,2.5288452402304284,3.12481513760963,3.205351610228406,3.0603859595145586,3.301995377370971,4.123467398082774,3.978501747368926,3.414746439037297,4.590578939271879,4.42950599403423,4.606686233795599,4.25232575427286,4.9449394187945765,4.381184110462947,4.477827877605512,4.477827877605552,4.3811841104629075,4.94493941879462,4.252325754272822,4.60668623379564,4.429505994034269,4.590578939271797,3.414746439037266,3.9785017473689614,4.123467398082811,3.3019953773710005,3.060385959514531,3.2053516102283774,3.12481513760963,2.5288452402304733,2.706025479991796,1.9489826373750434,2.255021233326537,1.7879096921374686,1.7234805140424247,1.562407568804787,1.4818710961859836,1.0469741440444635,1.2080470892820734,1.030866849520684,0.9181157878543758,0.6926136645217097,0.708720959045483,0.45100424666530736,0.4348969521415386,0.33825318499898055,0.3060385959514531,0.22550212333265368,0.20939482880888896,0.16107294523760976,0.17718023976136757,0.17718023976137076,0.048321883571282934,0.1610729452376069,0.09664376714256587,0.06442917809504276,0.08053647261880488,0.0,0.048321883571282934,0.03221458904752138,0.0,0.0,0.01610729452376069,0.0,0.01610729452376069,0.5,0.08494744836657629
1.01,expected,0.25,False,False,100,0,normal,0.2,2.0,2.0,1.5,0.3,0.15486824536464835,0.16177088045735538,0.1686735155500624,0.17557615064276944,0.1824787857354765,0.18938142082818352,0.19628405592089054,0.20318669101359757,0.2100893261063046,0.21699196119901165,0.22389459629171868,0.2307972313844257,0.23769986647713273,0.24460250156983976,0.2515051366625468,0.25840777175525387,0.26531040684796087,0.27221304194066787,0.2791156770333749,0.286018312126082,0.29292094721878903,0.29982358231149603,0.306726217404203,0.3136288524969101,0.32053148758961714,0.3274341226823242,0.3343367577750312,0.3412393928677382,0.34814202796044524,0.3550446630531523,0.36194729814585935,0.36884993323856635,0.37575256833127335,0.3826552034239804,0.38955783851668746,0.3964604736093945,0.4033631087021015,0.4102657437948085,0.41716837888751557,0.4240710139802226,0.4309736490729297,0.4378762841656366,0.4447789192583437,0.45168155435105073,0.4585841894437578,0.46548682453646484,0.4723894596291718,0.47929209472187884,0.4861947298145859,0.49309736490729295,0.5,0.5069026350927069,0.513805270185414,0.520707905278121,0.5276105403708281,0.5345131754635352,0.5414158105562421,0.5483184456489492,0.5552210807416562,0.5621237158343633,0.5690263509270703,0.5759289860197773,0.5828316211124843,0.5897342562051914,0.5966368912978984,0.6035395263906055,0.6104421614833124,0.6173447965760195,0.6242474316687265,0.6311500667614336,0.6380527018541406,0.6449553369468476,0.6518579720395546,0.6587606071322617,0.6656632422249688,0.6725658773176758,0.6794685124103829,0.6863711475030898,0.6932737825957969,0.7001764176885039,0.707079052781211,0.713981687873918,0.720884322966625,0.727786958059332,0.7346895931520391,0.7415922282447461,0.7484948633374532,0.7553974984301601,0.7623001335228672,0.7692027686155742,0.7761054037082813,0.7830080388009883,0.7899106738936953,0.7968133089864023,0.8037159440791094,0.8106185791718165,0.8175212142645234,0.8244238493572305,0.8313264844499375,0.8382291195426446,0.8451317546353516,0.01448722098980068,0.02897444197960136,0.02897444197960136,0.0,0.01448722098980068,0.01448722098980068,0.01448722098980068,0.02897444197960136,0.028974441979601244,0.05794888395920272,0.05794888395920272,0.08692332593880407,0.0724361049490034,0.11589776791840498,0.18833387286740808,0.20282109385721034,0.17384665187760887,0.2028210938572087,0.1303849889082056,0.24628275682661055,0.2607699778164133,0.4056421877144207,0.5070527346430217,0.536027176622623,0.5794888395920248,0.6664121655308339,0.9271821433472472,0.9416693643370403,1.1155160162146478,1.260388226112654,1.3617987730412693,1.651543192837284,1.6225687508576696,2.0861598225312896,2.187570369459894,2.781546430041742,2.607699778164133,2.723597546082517,3.02782918686833,3.0712908498377316,3.259624722705192,3.4624458165623486,3.4769330375521497,3.926036888235968,4.041934656154373,3.983985772195235,4.418602401889189,4.491038506838192,4.795270147624006,4.548987390797396,4.5489873907974685,4.795270147624006,4.491038506838192,4.418602401889189,3.983985772195171,4.041934656154439,3.926036888235968,3.4769330375521497,3.4624458165623486,3.25962472270514,3.0712908498377813,3.02782918686833,2.723597546082517,2.607699778164112,2.781546430041719,2.1875703694599293,2.0861598225312896,1.6225687508576696,1.6515431928372708,1.3617987730412584,1.2603882261126744,1.1155160162146478,0.9416693643370403,0.9271821433472398,0.6664121655308286,0.5794888395920248,0.5360271766226316,0.5070527346430217,0.4056421877144174,0.2607699778164112,0.24628275682661055,0.1303849889082077,0.2028210938572087,0.17384665187760745,0.2028210938572087,0.18833387286740808,0.11589776791840684,0.0724361049490031,0.08692332593880372,0.05794888395920249,0.05794888395920249,0.02897444197960171,0.028974441979601244,0.014487220989800622,0.014487220989800622,0.014487220989800854,0.0,0.028974441979601244,0.028974441979601244,0.014487220989800622,0.5,0.09029117299782997
1.01,expected,0.25,False,False,100,0,normal,0.2,2.0,2.0,1.5,0.4,0.16963564036348774,0.17624292755621798,0.18285021474894825,0.18945750194167849,0.19606478913440872,0.20267207632713896,0.2092793635198692,0.21588665071259946,0.2224939379053297,0.22910122509805994,0.2357085122907902,0.24231579948352044,0.24892308667625068,0.2555303738689809,0.26213766106171116,0.2687449482544414,0.2753522354471717,0.28195952263990187,0.28856680983263217,0.2951740970253624,0.30178138421809264,0.3083886714108229,0.3149959586035531,0.3216032457962834,0.3282105329890136,0.3348178201817439,0.34142510737447407,0.34803239456720436,0.3546396817599346,0.36124696895266484,0.36785425614539513,0.3744615433381253,0.3810688305308556,0.3876761177235858,0.3942834049163161,0.4008906921090463,0.40749797930177656,0.4141052664945068,0.42071255368723703,0.4273198408799673,0.4339271280726975,0.4405344152654278,0.447141702458158,0.4537489896508883,0.4603562768436186,0.46696356403634875,0.47357085122907905,0.48017813842180923,0.4867854256145395,0.4933927128072697,0.5,0.5066072871927302,0.5132145743854605,0.5198218615781908,0.526429148770921,0.5330364359636512,0.5396437231563814,0.5462510103491117,0.5528582975418419,0.5594655847345722,0.5660728719273025,0.5726801591200327,0.579287446312763,0.5858947335054931,0.5925020206982234,0.5991093078909536,0.6057165950836839,0.6123238822764141,0.6189311694691444,0.6255384566618747,0.6321457438546049,0.6387530310473352,0.6453603182400653,0.6519676054327956,0.6585748926255258,0.6651821798182561,0.6717894670109864,0.6783967542037166,0.6850040413964469,0.6916113285891771,0.6982186157819074,0.7048259029746377,0.7114331901673678,0.7180404773600981,0.7246477645528283,0.7312550517455586,0.7378623389382888,0.7444696261310191,0.7510769133237494,0.7576842005164796,0.7642914877092098,0.77089877490194,0.7775060620946703,0.7841133492874005,0.7907206364801308,0.797327923672861,0.8039352108655913,0.8105424980583216,0.8171497852510518,0.823757072443782,0.8303643596365122,0.01513480450948559,0.015134804509485528,0.01513480450948559,0.01513480450948559,0.07567402254742796,0.03026960901897118,0.030269609018971057,0.07567402254742796,0.06053921803794236,0.1059436315663987,0.10594363156639913,0.09080882705691355,0.12107843607588473,0.12107843607588473,0.22702206764228386,0.18161765411382558,0.3178308946992001,0.2572916766612529,0.24215687215176945,0.3481005037181686,0.43890933077508215,0.6962010074363372,0.5902573758699331,0.6356617893984002,0.5902573758699331,0.7416054209648002,1.104840729192439,1.074571120173477,1.3924020148726743,1.3621324058536919,1.4226716238916575,1.831311345647741,1.9977941952521148,2.1037378268184797,2.4215687215176946,2.7242648117074064,3.2539829695394022,2.95128687934969,2.860478052292753,3.2085785560109725,3.9047795634472497,3.526409450710173,4.07126241305159,3.5718138642385697,3.662622691295544,4.298284480693872,4.040992804032687,4.056127608542104,4.706924202450058,3.9804535859946775,3.980453585994744,4.706924202449979,4.056127608542104,4.040992804032687,4.298284480693872,3.662622691295544,3.5718138642385697,4.071262413051659,3.526409450710113,3.9047795634472497,3.2085785560109725,2.860478052292753,2.9512868793497153,3.253982969539375,2.7242648117074295,2.421568721517674,2.1037378268185147,1.9977941952520815,1.831311345647741,1.4226716238916575,1.3621324058536919,1.3924020148726861,1.074571120173468,1.1048407291924576,0.7416054209647878,0.5902573758699331,0.6356617893984002,0.5902573758699331,0.6962010074363431,0.43890933077507843,0.3481005037181657,0.2421568721517715,0.2572916766612529,0.3178308946992001,0.18161765411382558,0.22702206764228577,0.12107843607588373,0.12107843607588373,0.09080882705691432,0.10594363156639824,0.10594363156640003,0.060539218037941864,0.0756740225474286,0.030269609018970932,0.03026960901897144,0.07567402254742732,0.015134804509485466,0.01513480450948572,0.015134804509485466,0.01513480450948572,0.5,0.09222003856803476
1.01,expected,0.25,False,False,100,0,normal,0.3,1.2,1.2,0.5,0.1,0.1273672009572161,0.13481985693807177,0.14227251291892745,0.14972516889978313,0.1571778248806388,0.16463048086149448,0.17208313684235016,0.17953579282320584,0.1869884488040615,0.1944411047849172,0.20189376076577287,0.20934641674662854,0.21679907272748422,0.2242517287083399,0.23170438468919557,0.23915704067005125,0.24660969665090693,0.2540623526317626,0.2615150086126183,0.268967664593474,0.27642032057432964,0.2838729765551853,0.291325632536041,0.2987782885168967,0.30623094449775234,0.313683600478608,0.3211362564594637,0.3285889124403194,0.33604156842117505,0.3434942244020307,0.3509468803828864,0.3583995363637421,0.36585219234459776,0.3733048483254534,0.3807575043063091,0.3882101602871648,0.39566281626802047,0.4031154722488761,0.4105681282297318,0.4180207842105875,0.4254734401914432,0.4329260961722988,0.44037875215315453,0.44783140813401023,0.4552840641148659,0.46273672009572153,0.47018937607657724,0.47764203205743294,0.4850946880382886,0.49254734401914424,0.49999999999999994,0.5074526559808556,0.5149053119617113,0.522357967942567,0.5298106239234226,0.5372632799042784,0.544715935885134,0.5521685918659897,0.5596212478468454,0.5670739038277011,0.5745265598085567,0.5819792157894124,0.589431871770268,0.5968845277511238,0.6043371837319794,0.6117898397128351,0.6192424956936908,0.6266951516745465,0.6341478076554021,0.6416004636362578,0.6490531196171135,0.6565057755979692,0.6639584315788248,0.6714110875596805,0.6788637435405361,0.6863163995213919,0.6937690555022475,0.7012217114831032,0.708674367463959,0.7161270234448146,0.7235796794256703,0.7310323354065259,0.7384849913873816,0.7459376473682373,0.753390303349093,0.7608429593299486,0.7682956153108044,0.77574827129166,0.7832009272725157,0.7906535832533713,0.798106239234227,0.8055588952150827,0.8130115511959384,0.820464207176794,0.8279168631576498,0.8353695191385054,0.8428221751193611,0.8502748311002167,0.8577274870810724,0.8651801430619281,0.8726327990427838,0.013418035161810662,0.0,0.0,0.040254105485431985,0.0,0.05367214064724265,0.040254105485431985,0.026836070323621324,0.08050821097086397,0.05367214064724265,0.08050821097086397,0.040254105485431985,0.16101642194172794,0.1744344571035386,0.1073442812944853,0.18785249226534928,0.22810659775078213,0.3622869493688865,0.30861480872164404,0.4293771251779428,0.56355747679605,0.46963123066337137,0.6172296174432881,0.6709017580905356,0.6843197932523464,0.6977378284141519,1.0600247777830383,0.9258444261649391,1.1539510239157214,1.449147797475546,1.5430740436082204,1.5699101139318532,2.07979545008066,1.7175085007117585,1.97245116878616,2.2676479423460103,2.482336504934982,2.4957545400967738,2.656770962038501,2.9922218410837886,2.9385497004365457,3.4081809310998956,3.153238263025494,3.5289432475562172,3.1934923685109493,3.2605825443199787,3.7033777046597285,3.7302137749833784,3.689959669497946,4.025410548543183,4.025410548543183,3.689959669497946,3.7302137749833784,3.7033777046597565,3.2605825443199543,3.1934923685109493,3.5289432475562172,3.1532382630254703,3.408180931099921,2.9385497004365457,2.9922218410837886,2.6567709620385207,2.495754540096755,2.482336504934982,2.2676479423460103,1.9724511687861455,1.7175085007117712,2.07979545008066,1.5699101139318532,1.5430740436082089,1.4491477974755569,1.1539510239157214,0.9258444261649391,1.0600247777830463,0.6977378284141466,0.6843197932523464,0.6709017580905356,0.6172296174432836,0.4696312306633749,0.56355747679605,0.4293771251779428,0.30861480872164637,0.36228694936888384,0.22810659775078213,0.18785249226534997,0.10734428129448409,0.17443445710353928,0.16101642194172855,0.04025410548543214,0.08050821097086427,0.053672140647242045,0.08050821097086427,0.026836070323621425,0.040254105485431534,0.05367214064724285,0.0,0.04025410548543214,0.0,0.0,0.013418035161810712,0.5,0.10596414503437797
1.01,expected,0.25,False,False,100,0,normal,0.3,1.2,1.2,0.5,0.2,0.09439747094946312,0.10250952153047385,0.11062157211148459,0.11873362269249532,0.12684567327350607,0.1349577238545168,0.14306977443552754,0.15118182501653826,0.159293875597549,0.16740592617855976,0.17551797675957048,0.1836300273405812,0.19174207792159198,0.1998541285026027,0.20796617908361342,0.21607822966462417,0.22419028024563492,0.23230233082664564,0.24041438140765636,0.24852643198866714,0.25663848256967786,0.2647505331506886,0.2728625837316993,0.2809746343127101,0.2890866848937208,0.2971987354747315,0.3053107860557423,0.313422836636753,0.32153488721776374,0.32964693779877446,0.33775898837978524,0.34587103896079596,0.3539830895418067,0.3620951401228174,0.3702071907038282,0.3783192412848389,0.3864312918658496,0.39454334244686035,0.4026553930278711,0.41076744360888184,0.41887949418989257,0.42699154477090334,0.43510359535191406,0.4432156459329248,0.4513276965139355,0.4594397470949463,0.467551797675957,0.4756638482569677,0.4837758988379785,0.4918879494189892,0.49999999999999994,0.5081120505810107,0.5162241011620214,0.5243361517430322,0.5324482023240429,0.5405602529050536,0.5486723034860644,0.5567843540670752,0.5648964046480859,0.5730084552290966,0.5811205058101073,0.589232556391118,0.5973446069721289,0.6054566575531396,0.6135687081341503,0.621680758715161,0.6297928092961718,0.6379048598771825,0.6460169104581933,0.654128961039204,0.6622410116202148,0.6703530622012255,0.6784651127822362,0.6865771633632469,0.6946892139442576,0.7028012645252685,0.7109133151062792,0.7190253656872899,0.7271374162683006,0.7352494668493114,0.7433615174303221,0.7514735680113328,0.7595856185923436,0.7676976691733544,0.7758097197543651,0.7839217703353758,0.7920338209163865,0.8001458714973972,0.808257922078408,0.8163699726594188,0.8244820232404295,0.8325940738214402,0.840706124402451,0.8488181749834617,0.8569302255644724,0.8650422761454831,0.873154326726494,0.8812663773075047,0.8893784278885154,0.8974904784695261,0.9056025290505368,0.012327339308520476,0.012327339308520476,0.012327339308520476,0.0,0.0,0.04930935723408182,0.0,0.012327339308520455,0.02465467861704091,0.03698201792556149,0.012327339308520497,0.061636696542602065,0.07396403585112298,0.08629137515964347,0.06163669654260227,0.14792807170224545,0.16025541101076646,0.08629137515964347,0.22189210755336744,0.24654678617040995,0.25887412547893046,0.27120146478745094,0.4807662330322961,0.3698201792556149,0.6410216440430658,0.8382590729793881,0.7149856798941888,0.9615324660645987,0.8752410909049553,1.1464425556923983,1.2080792522350086,1.516262734948021,1.7628095211184311,1.614881449416174,2.1203023610655256,2.3915038258529764,2.0340109859058817,2.4531405223955622,2.551759236863743,2.5394318975552226,2.835288040959695,3.316054273992014,3.007870791279001,3.328381613300534,3.451655006385715,3.1804535415982884,3.4886370243113007,3.5256190422368383,3.821475185641354,3.6119104173965053,3.6119104173964804,3.821475185641354,3.5256190422368623,3.4886370243113007,3.1804535415982884,3.451655006385692,3.328381613300534,3.007870791279001,3.316054273992014,2.835288040959714,2.5394318975552226,2.551759236863708,2.453140522395579,2.0340109859058817,2.3915038258529764,2.1203023610655256,1.614881449416185,1.7628095211184072,1.516262734948021,1.2080792522350086,1.146442555692406,0.8752410909049553,0.9615324660645987,0.7149856798941888,0.8382590729793823,0.6410216440430658,0.3698201792556149,0.4807662330322994,0.27120146478745094,0.25887412547893046,0.24654678617040995,0.22189210755336589,0.08629137515964347,0.16025541101076646,0.14792807170224595,0.06163669654260249,0.08629137515964347,0.07396403585112298,0.06163669654260165,0.012327339308520497,0.03698201792556149,0.024654678617040994,0.012327339308520497,0.0,0.04930935723408199,0.0,0.0,0.012327339308520497,0.012327339308520497,0.012327339308520497,0.5,0.10714973643981136
1.01,expected,0.25,False,False,100,0,normal,0.3,1.2,1.2,0.5,0.3,0.13380503891346754,0.1411289381351982,0.14845283735692882,0.15577673657865948,0.16310063580039014,0.1704245350221208,0.17774843424385145,0.18507233346558208,0.19239623268731273,0.1997201319090434,0.20704403113077402,0.21436793035250468,0.22169182957423533,0.229015728795966,0.23633962801769665,0.24366352723942727,0.2509874264611579,0.2583113256828886,0.2656352249046192,0.2729591241263499,0.28028302334808053,0.2876069225698112,0.29493082179154184,0.30225472101327244,0.30957862023500315,0.31690251945673376,0.32422641867846447,0.33155031790019507,0.3388742171219257,0.3461981163436564,0.353522015565387,0.3608459147871177,0.3681698140088483,0.375493713230579,0.3828176124523096,0.3901415116740403,0.3974654108957709,0.4047893101175015,0.41211320933923223,0.41943710856096283,0.42676100778269355,0.43408490700442415,0.44140880622615486,0.44873270544788546,0.45605660466961606,0.4633805038913468,0.4707044031130774,0.4780283023348081,0.4853522015565387,0.4926761007782694,0.5,0.5073238992217307,0.5146477984434613,0.5219716976651919,0.5292955968869226,0.5366194961086532,0.5439433953303839,0.5512672945521145,0.5585911937738453,0.5659150929955759,0.5732389922173065,0.5805628914390372,0.5878867906607678,0.5952106898824985,0.6025345891042291,0.6098584883259598,0.6171823875476904,0.6245062867694211,0.6318301859911517,0.6391540852128823,0.646477984434613,0.6538018836563436,0.6611257828780743,0.6684496820998049,0.6757735813215355,0.6830974805432662,0.6904213797649968,0.6977452789867276,0.7050691782084582,0.7123930774301889,0.7197169766519195,0.7270408758736501,0.7343647750953808,0.7416886743171114,0.7490125735388421,0.7563364727605727,0.7636603719823034,0.770984271204034,0.7783081704257646,0.7856320696474953,0.7929559688692259,0.8002798680909566,0.8076037673126872,0.814927666534418,0.8222515657561486,0.8295754649778793,0.8368993641996099,0.8442232634213405,0.8515471626430712,0.8588710618648018,0.8661949610865325,0.013653929003186056,0.05461571601274444,0.013653929003186056,0.013653929003186056,0.027307858006372112,0.04096178700955817,0.02730785800637222,0.08192357401911635,0.0955775030223024,0.09557750302230275,0.10923143202548845,0.17750107704141874,0.1638471480382327,0.20480893504779088,0.12288536102867496,0.35500215408283886,0.20480893504778927,0.2048089350477924,0.4505796571051399,0.4369257281019538,0.4915414441146981,0.5598110891306284,0.7373121661720526,0.6690425211561117,0.9830828882294036,1.14693003626762,1.0786603912517065,1.0513525332453264,1.1332761072644428,1.4336625453345468,1.5702018353663847,1.6521254093855255,1.6930871963950584,2.143666853500227,2.1573207825033807,2.5259768655894397,2.3621297175512055,2.239244356522496,2.826363303659535,2.8263633036594924,3.0584800967137,3.2496351027582566,3.7684844048793806,3.317904747774237,3.3725204637869304,3.1950193867455616,3.618291185844278,3.41348225079654,3.235981173755071,3.864061907901683,3.864061907901625,3.2359811737551203,3.41348225079654,3.618291185844278,3.1950193867455616,3.3725204637869304,3.317904747774237,3.768484404879323,3.2496351027583064,3.0584800967137,2.8263633036594924,2.826363303659535,2.239244356522496,2.3621297175512055,2.5259768655894015,2.157320782503413,2.1436668535001946,1.6930871963950838,1.6521254093855255,1.5702018353663847,1.4336625453345468,1.1332761072644342,1.0513525332453344,1.0786603912517065,1.14693003626762,0.9830828882294036,0.6690425211561117,0.7373121661720526,0.559811089130624,0.4915414441147018,0.4369257281019572,0.4505796571051364,0.2048089350477924,0.20480893504778927,0.35500215408284014,0.12288536102867359,0.2048089350477924,0.16384714803823391,0.1775010770414174,0.1092314320254893,0.09557750302230168,0.09557750302230313,0.08192357401911572,0.027307858006372324,0.04096178700955786,0.027307858006372324,0.013653929003186162,0.013653929003185954,0.05461571601274465,0.013653929003185954,0.5,0.10877305901518383
1.01,expected,0.25,False,False,100,0,normal,0.3,1.2,1.2,0.5,0.4,0.11273166303003482,0.12047702976943413,0.12822239650883344,0.13596776324823273,0.14371312998763203,0.15145849672703135,0.15920386346643065,0.16694923020582997,0.17469459694522926,0.18243996368462856,0.19018533042402788,0.19793069716342718,0.2056760639028265,0.2134214306422258,0.2211667973816251,0.2289121641210244,0.2366575308604237,0.244402897599823,0.2521482643392223,0.2598936310786216,0.2676389978180209,0.2753843645574202,0.2831297312968195,0.29087509803621886,0.29862046477561816,0.30636583151501745,0.3141111982544168,0.3218565649938161,0.3296019317332154,0.3373472984726147,0.345092665212014,0.3528380319514133,0.3605833986908126,0.36832876543021187,0.37607413216961116,0.38381949890901057,0.39156486564840987,0.39931023238780916,0.40705559912720846,0.41480096586660775,0.42254633260600705,0.43029169934540634,0.43803706608480564,0.44578243282420493,0.45352779956360423,0.4612731663030035,0.46901853304240293,0.4767638997818022,0.4845092665212015,0.4922546332606008,0.5000000000000001,0.5077453667393994,0.5154907334787987,0.523236100218198,0.5309814669575973,0.5387268336969966,0.5464722004363959,0.5542175671757953,0.5619629339151946,0.5697083006545939,0.5774536673939932,0.5851990341333925,0.5929444008727918,0.6006897676121911,0.6084351343515904,0.6161805010909897,0.623925867830389,0.6316712345697882,0.6394166013091875,0.6471619680485868,0.6549073347879862,0.6626527015273855,0.6703980682667848,0.6781434350061841,0.6858888017455834,0.6936341684849827,0.701379535224382,0.7091249019637813,0.7168702687031806,0.7246156354425799,0.7323610021819793,0.7401063689213786,0.7478517356607779,0.7555971024001772,0.7633424691395765,0.7710878358789758,0.7788332026183751,0.7865785693577744,0.7943239360971737,0.802069302836573,0.8098146695759723,0.8175600363153717,0.825305403054771,0.8330507697941703,0.8407961365335695,0.8485415032729688,0.8562868700123681,0.8640322367517674,0.8717776034911667,0.879522970230566,0.8872683369699653,0.012910944486504133,0.012910944486504133,0.02582188897300831,0.0,0.02582188897300822,0.038732833459512464,0.03873283345951233,0.038732833459512464,0.038732833459512464,0.11619850037853698,0.09037661140552909,0.11619850037853698,0.07746566691902493,0.07746566691902493,0.19366416729756233,0.18075322281105752,0.20657511178406648,0.34859550113561094,0.2582188897300831,0.2840407787030914,0.4002392790816288,0.5551706129196786,0.4131502235681301,0.5939034463791911,0.7101019467577285,0.8521223361092681,1.0199646144338284,1.2781835041639114,1.2007178372448866,1.071608392379845,1.342738226596432,1.484758615947978,1.7687993946510694,2.014107339894648,2.078662062327139,2.246504340651723,2.6983873976793684,2.5563670083278227,2.6467436197333516,2.51763417486831,2.8274968425444102,3.2019142326530305,3.2277361216260387,3.82163956800523,3.163181399193518,3.3181127330315205,3.3181127330315676,3.0340719543284767,3.240647066112543,3.7699957900592134,3.7699957900592134,3.240647066112543,3.0340719543284767,3.3181127330315676,3.3181127330315676,3.163181399193518,3.8216395680051756,3.2277361216260387,3.2019142326530305,2.8274968425444102,2.51763417486831,2.6467436197333516,2.5563670083278227,2.6983873976793684,2.246504340651723,2.078662062327169,2.014107339894648,1.7687993946510694,1.484758615947978,1.342738226596413,1.071608392379845,1.2007178372448866,1.2781835041639114,1.0199646144338284,0.8521223361092743,0.7101019467577285,0.5939034463791911,0.41315022356813297,0.5551706129196786,0.4002392790816231,0.2840407787030914,0.2582188897300831,0.34859550113561216,0.20657511178406648,0.18075322281105818,0.19366416729756233,0.07746566691902493,0.07746566691902493,0.11619850037853739,0.09037661140552909,0.11619850037853573,0.038732833459512464,0.038732833459512464,0.038732833459512464,0.038732833459512464,0.02582188897300831,0.0,0.02582188897300831,0.012910944486504155,0.012910944486504155,0.5,0.11044684740634769
1.01,expected,0.25,False,False,100,0,normal,0.3,1.2,1.2,0.75,0.1,0.11191522696494673,0.11967692242564779,0.12743861788634886,0.13520031334704993,0.14296200880775098,0.15072370426845205,0.15848539972915313,0.1662470951898542,0.17400879065055525,0.18177048611125632,0.1895321815719574,0.19729387703265844,0.2050555724933595,0.21281726795406058,0.22057896341476163,0.22834065887546273,0.23610235433616378,0.24386404979686482,0.2516257452575659,0.25938744071826697,0.267149136178968,0.2749108316396691,0.28267252710037016,0.29043422256107126,0.2981959180217723,0.30595761348247336,0.31371930894317446,0.3214810044038755,0.32924269986457655,0.33700439532527765,0.3447660907859787,0.35252778624667974,0.36028948170738084,0.3680511771680819,0.37581287262878293,0.38357456808948404,0.3913362635501851,0.3990979590108861,0.40685965447158723,0.4146213499322883,0.4223830453929893,0.4301447408536904,0.43790643631439147,0.4456681317750925,0.4534298272357936,0.46119152269649466,0.46895321815719576,0.4767149136178968,0.48447660907859785,0.49223830453929895,0.5,0.507761695460701,0.5155233909214022,0.5232850863821032,0.5310467818428043,0.5388084773035053,0.5465701727642064,0.5543318682249074,0.5620935636856086,0.5698552591463096,0.5776169546070107,0.5853786500677117,0.5931403455284128,0.6009020409891139,0.608663736449815,0.616425431910516,0.6241871273712171,0.6319488228319181,0.6397105182926192,0.6474722137533202,0.6552339092140214,0.6629956046747224,0.6707573001354235,0.6785189955961245,0.6862806910568255,0.6940423865175266,0.7018040819782277,0.7095657774389288,0.7173274728996298,0.7250891683603309,0.7328508638210319,0.7406125592817331,0.7483742547424341,0.7561359502031352,0.7638976456638362,0.7716593411245373,0.7794210365852383,0.7871827320459395,0.7949444275066405,0.8027061229673416,0.8104678184280426,0.8182295138887437,0.8259912093494448,0.8337529048101459,0.8415146002708469,0.849276295731548,0.857037991192249,0.86479968665295,0.8725613821136512,0.8803230775743522,0.8880847730350533,0.012883782996423787,0.0,0.0,0.0,0.012883782996423765,0.012883782996423765,0.0,0.02576756599284762,0.02576756599284753,0.012883782996423765,0.02576756599284762,0.0,0.07730269797854258,0.06441891498211905,0.06441891498211859,0.09018648097496666,0.11595404696781429,0.19325674494635575,0.15460539595708572,0.2705594429249,0.3220945749105929,0.20614052794278095,0.48958375386410125,0.4895837538641048,0.605537800831919,0.592654017835491,0.6828404988104619,0.6441891498211905,0.8889810267532364,0.8632134607603952,1.2626107336495334,1.3914485636137615,1.5847053085601286,1.6877755725315189,1.9841025814492526,1.906799883470724,2.3448485053491335,2.447918769320506,2.6411755142668807,2.692710646252576,2.91173495719176,2.9890376551703235,3.7362970689629043,3.993972728891353,3.8264835499378713,3.5559241070129457,4.058391643873501,3.8780186819235665,3.800715983944997,4.779883491673234,4.779883491673234,3.80071598394497,3.8780186819235665,4.058391643873501,3.555924107012971,3.8264835499378713,3.9939727288913813,3.7362970689628514,2.9890376551703235,2.911734957191781,2.692710646252576,2.6411755142668807,2.4479187693204887,2.3448485053491335,1.906799883470724,1.9841025814492665,1.6877755725315189,1.5847053085601286,1.3914485636137714,1.2626107336495154,0.8632134607603952,0.8889810267532428,0.6441891498211905,0.6828404988104619,0.5926540178354952,0.6055378008319104,0.4895837538641048,0.4895837538641048,0.20614052794278095,0.32209457491059523,0.27055944292489614,0.15460539595708572,0.19325674494635714,0.11595404696781429,0.09018648097496666,0.06441891498211905,0.06441891498211812,0.07730269797854286,0.0,0.02576756599284762,0.01288378299642381,0.02576756599284725,0.02576756599284762,0.0,0.01288378299642381,0.01288378299642381,0.0,0.0,0.0,0.01288378299642381,0.5,0.0971820000219077
1.01,expected,0.25,False,False,100,0,normal,0.3,1.2,1.2,0.75,0.2,0.1602484393293263,0.1670434705427398,0.17383850175615326,0.18063353296956675,0.1874285641829802,0.1942235953963937,0.20101862660980716,0.20781365782322064,0.2146086890366341,0.2214037202500476,0.22819875146346108,0.23499378267687454,0.241788813890288,0.2485838451037015,0.255378876317115,0.26217390753052844,0.2689689387439419,0.2757639699573554,0.2825590011707689,0.28935403238418234,0.29614906359759585,0.30294409481100926,0.3097391260244228,0.31653415723783623,0.3233291884512497,0.3301242196646632,0.33691925087807667,0.34371428209149013,0.35050931330490365,0.35730434451831705,0.36409937573173057,0.37089440694514403,0.3776894381585575,0.384484469371971,0.39127950058538447,0.3980745317987979,0.40486956301221144,0.4116645942256249,0.41845962543903836,0.4252546566524518,0.43204968786586534,0.4388447190792788,0.44563975029269226,0.4524347815061057,0.45922981271951924,0.4660248439329327,0.47281987514634616,0.4796149063597596,0.48640993757317313,0.4932049687865866,0.5,0.5067950312134135,0.513590062426827,0.5203850936402405,0.527180124853654,0.5339751560670675,0.5407701872804809,0.5475652184938944,0.5543602497073079,0.5611552809207214,0.5679503121341348,0.5747453433475482,0.5815403745609617,0.5883354057743753,0.5951304369877888,0.6019254682012022,0.6087204994146157,0.6155155306280291,0.6223105618414426,0.6291055930548561,0.6359006242682697,0.6426956554816831,0.6494906866950965,0.65628571790851,0.6630807491219235,0.6698757803353369,0.6766708115487504,0.6834658427621639,0.6902608739755773,0.6970559051889909,0.7038509364024044,0.7106459676158178,0.7174409988292313,0.7242360300426448,0.7310310612560582,0.7378260924694717,0.7446211236828851,0.7514161548962986,0.7582111861097122,0.7650062173231256,0.7718012485365391,0.7785962797499526,0.785391310963366,0.7921863421767795,0.7989813733901929,0.8057764046036064,0.81257143581702,0.8193664670304334,0.8261614982438469,0.8329565294572604,0.8397515606706738,0.014716635856300201,0.01471663585630026,0.0,0.01471663585630026,0.014716635856300201,0.04414990756890078,0.0441499075689006,0.02943327171260052,0.058866543425200805,0.1324497227067018,0.0735831792815013,0.1913162661319034,0.073583179281501,0.1618829944193022,0.16188299441930287,0.2207495378445039,0.25018280955710237,0.32376598883860574,0.397349168120107,0.529798890826805,0.4414990756890114,0.5739487983957055,0.7211151569587128,0.8829981513780156,0.7799817003839075,1.0448811457973184,1.074314417509919,1.04488114579731,1.16261423264773,1.3980804063485133,1.8248628461812324,1.6924131234745299,1.8248628461812175,2.192778742588739,2.2369286501576395,2.560694638996224,2.6931443617029474,2.6931443617029474,2.884460627834851,3.0757768939667294,3.046343622254154,3.267093160098658,3.5467092413683625,4.017641588769938,3.6791589640750653,3.8999085019195694,4.223674490758175,3.870475230206937,4.370840849321177,4.105941403907806,4.105941403907739,4.370840849321142,3.870475230206937,4.223674490758209,3.8999085019195374,3.679158964075095,4.017641588769938,3.5467092413683337,3.2670931600986313,3.0463436222541787,3.0757768939667796,2.8844606278348275,2.6931443617029256,2.6931443617029256,2.560694638996266,2.2369286501576213,2.192778742588757,1.8248628461812175,1.6924131234745161,1.8248628461812175,1.3980804063485361,1.16261423264773,1.04488114579731,1.0743144175099102,1.044881145797327,0.7799817003839075,0.8829981513780083,0.7211151569587186,0.5739487983957055,0.44149907568900415,0.5297988908268136,0.3973491681201038,0.3237659888386031,0.2501828095571065,0.22074953784450208,0.1618829944193042,0.16188299441930154,0.0735831792815007,0.19131626613190494,0.0735831792815007,0.13244972270670125,0.05886654342520152,0.02943327171260028,0.044149907568901144,0.04414990756890042,0.01471663585630014,0.01471663585630038,0.0,0.01471663585630014,0.01471663585630038,0.5,0.09718366053179685
1.01,expected,0.25,False,False,100,0,normal,0.3,1.2,1.2,0.75,0.3,0.1298652180571104,0.1372679136959682,0.14467060933482598,0.15207330497368376,0.15947600061254158,0.16687869625139937,0.17428139189025715,0.18168408752911494,0.18908678316797273,0.19648947880683054,0.20389217444568833,0.21129487008454612,0.2186975657234039,0.2261002613622617,0.2335029570011195,0.2409056526399773,0.24830834827883508,0.25571104391769284,0.26311373955655065,0.27051643519540847,0.2779191308342662,0.28532182647312404,0.29272452211198186,0.3001272177508396,0.3075299133896974,0.31493260902855524,0.322335304667413,0.32973800030627076,0.3371406959451286,0.3445433915839864,0.35194608722284415,0.35934878286170197,0.3667514785005598,0.37415417413941754,0.3815568697782753,0.38895956541713317,0.3963622610559909,0.4037649566948487,0.41116765233370656,0.4185703479725643,0.4259730436114221,0.43337573925027983,0.4407784348891377,0.44818113052799546,0.4555838261668532,0.4629865218057111,0.47038921744456885,0.4777919130834266,0.48519460872228437,0.49259730436114224,0.5,0.5074026956388578,0.5148053912777156,0.5222080869165734,0.5296107825554311,0.537013478194289,0.5444161738331468,0.5518188694720045,0.5592215651108623,0.5666242607497202,0.5740269563885779,0.5814296520274357,0.5888323476662936,0.5962350433051513,0.6036377389440091,0.6110404345828669,0.6184431302217247,0.6258458258605825,0.6332485214994402,0.640651217138298,0.6480539127771558,0.6554566084160136,0.6628593040548714,0.6702619996937292,0.677664695332587,0.6850673909714448,0.6924700866103026,0.6998727822491604,0.7072754778880181,0.7146781735268759,0.7220808691657338,0.7294835648045915,0.7368862604434493,0.7442889560823072,0.7516916517211649,0.7590943473600227,0.7664970429988806,0.7738997386377383,0.7813024342765961,0.7887051299154538,0.7961078255543117,0.8035105211931695,0.8109132168320272,0.8183159124708851,0.8257186081097428,0.8331213037486006,0.8405239993874584,0.8479266950263162,0.855329390665174,0.8627320863040318,0.8701347819428896,0.013508592663878546,0.0,0.0,0.027017185327756987,0.02701718532775709,0.040525777991635634,0.02701718532775709,0.040525777991635634,0.04052577799163548,0.013508592663878546,0.040525777991635634,0.05403437065551418,0.08105155598327127,0.14859451930266343,0.10806874131102837,0.1215773339749069,0.13508592663878596,0.3647320019247194,0.35122340926084084,0.22964607528593614,0.44578355790799035,0.3647320019247194,0.49981792856350804,0.4322749652441151,0.5808694845467709,0.6889382258578084,0.7970069671688371,0.9996358571270086,1.2698077104045784,1.1617389690935591,1.3103334883962139,1.6615568976570547,1.4184022297072527,1.9452373435985177,1.918220158270732,2.445055272162026,2.3910209015065114,2.985398978717125,2.931364608061655,3.066450534700441,2.917856015397777,3.5392512779361387,3.4446911292890423,3.579777055927828,3.9310004651886126,3.7553887605582497,3.7553887605582497,3.822931723877643,3.5932856485916527,4.025560613835821,4.025560613835821,3.5932856485916527,3.822931723877643,3.7553887605582497,3.7553887605581933,3.9310004651886716,3.579777055927828,3.4446911292890423,3.5392512779361387,2.917856015397777,3.066450534700441,2.931364608061611,2.9853989787171695,2.3910209015065114,2.445055272161989,1.9182201582707608,1.9452373435985177,1.4184022297072527,1.6615568976570674,1.3103334883962041,1.1617389690935591,1.269807710404588,0.9996358571270011,0.7970069671688371,0.6889382258578084,0.5808694845467709,0.4322749652441151,0.49981792856350804,0.3647320019247221,0.44578355790798696,0.22964607528593614,0.3512234092608435,0.3647320019247166,0.13508592663878596,0.12157733397490736,0.10806874131102716,0.14859451930266454,0.08105155598327157,0.054034370655514384,0.04052577799163518,0.013508592663878596,0.040525777991635786,0.04052577799163518,0.027017185327757192,0.040525777991635786,0.027017185327757192,0.02701718532775679,0.0,0.0,0.013508592663878395,0.5,0.09956928973362672
1.01,expected,0.25,False,False,100,0,normal,0.3,1.2,1.2,0.75,0.4,0.1573101139301794,0.16416391165157582,0.17101770937297223,0.17787150709436864,0.18472530481576505,0.19157910253716148,0.1984329002585579,0.2052866979799543,0.2121404957013507,0.21899429342274712,0.22584809114414353,0.23270188886553994,0.23955568658693638,0.24640948430833276,0.2532632820297292,0.26011707975112563,0.266970877472522,0.2738246751939184,0.28067847291531484,0.2875322706367113,0.29438606835810766,0.3012398660795041,0.30809366380090053,0.3149474615222969,0.3218012592436933,0.32865505696508973,0.33550885468648617,0.34236265240788255,0.349216450129279,0.3560702478506754,0.3629240455720718,0.3697778432934682,0.3766316410148646,0.38348543873626106,0.39033923645765745,0.3971930341790538,0.40404683190045027,0.4109006296218467,0.4177544273432431,0.4246082250646395,0.4314620227860359,0.43831582050743234,0.4451696182288288,0.45202341595022516,0.4588772136716216,0.465731011393018,0.4725848091144144,0.4794386068358108,0.48629240455720724,0.4931462022786037,0.5,0.5068537977213965,0.5137075954427929,0.5205613931641893,0.5274151908855857,0.5342689886069821,0.5411227863283785,0.547976584049775,0.5548303817711714,0.5616841794925678,0.5685379772139643,0.5753917749353605,0.582245572656757,0.5890993703781534,0.5959531680995498,0.6028069658209463,0.6096607635423427,0.616514561263739,0.6233683589851355,0.6302221567065319,0.6370759544279283,0.6439297521493248,0.6507835498707211,0.6576373475921176,0.664491145313514,0.6713449430349103,0.6781987407563068,0.6850525384777033,0.6919063361990996,0.6987601339204961,0.7056139316418923,0.7124677293632888,0.7193215270846853,0.7261753248060816,0.7330291225274781,0.7398829202488746,0.7467367179702709,0.7535905156916674,0.7604443134130638,0.7672981111344601,0.7741519088558566,0.7810057065772531,0.7878595042986494,0.7947133020200459,0.8015670997414421,0.8084208974628386,0.8152746951842351,0.8221284929056314,0.8289822906270279,0.8358360883484244,0.8426898860698206,0.02918090205312501,0.0,0.0,0.0,0.014590451026562446,0.02918090205312501,0.05836180410625002,0.04377135307968751,0.11672360821250004,0.07295225513281252,0.11672360821250004,0.07295225513281223,0.13131405923906306,0.10213315718593712,0.131314059239062,0.2042663143718759,0.24803766745156358,0.24803766745156158,0.3063994715578114,0.5252562369562522,0.42312307977031094,0.6273893941421851,0.6419798451687527,0.8754270615937537,0.8170652574874969,0.9337888656999965,1.065102924939067,1.342321494443745,1.502816455735932,1.4152737495765686,1.4444546516296937,1.8821681824265553,1.8821681824265553,2.2761103601437602,2.4657862234890735,2.0864344967984296,3.005632911471864,2.743004792993762,2.786776146073427,3.253670578923452,3.0348138135249885,3.7205650117734237,3.0639947155781386,3.7497459138265485,3.9686026792250173,3.7497459138265485,3.5308891484281406,4.012374032304672,4.3041830528359215,3.8956504240922363,3.8956504240921417,4.304183052835956,4.012374032304705,3.530889148428083,3.7497459138265787,3.9686026792250173,3.749745913826518,3.0639947155781386,3.7205650117734534,3.034813813524964,3.2536705789235048,2.786776146073404,2.743004792993762,3.0056329114718885,2.0864344967984128,2.4657862234890735,2.2761103601437602,1.8821681824265402,1.8821681824265706,1.4444546516296937,1.4152737495765457,1.5028164557359684,1.342321494443734,1.0651029249390498,0.9337888657000192,0.8170652574874904,0.8754270615937395,0.6419798451687633,0.6273893941421801,0.42312307977032126,0.5252562369562438,0.3063994715578089,0.24803766745156758,0.24803766745155958,0.2042663143718726,0.1313140592390652,0.1021331571859363,0.13131405923906095,0.072952255132814,0.11672360821249864,0.07295225513281164,0.1167236082125024,0.04377135307968698,0.0583618041062512,0.02918090205312466,0.01459045102656233,0.0,0.0,0.0,0.0291809020531256,0.5,0.09804049044961208
1.01,expected,0.25,False,False,100,0,normal,0.3,1.2,1.2,1.0,0.1,0.19282901207663808,0.19897243183510532,0.20511585159357257,0.2112592713520398,0.21740269111050703,0.22354611086897427,0.22968953062744152,0.23583295038590876,0.241976370144376,0.24811978990284322,0.25426320966131044,0.2604066294197777,0.266550049178245,0.2726934689367122,0.2788368886951794,0.28498030845364664,0.2911237282121139,0.2972671479705812,0.3034105677290484,0.3095539874875156,0.31569740724598283,0.3218408270044501,0.3279842467629174,0.3341276665213846,0.3402710862798518,0.346414506038319,0.3525579257967863,0.35870134555525357,0.3648447653137208,0.370988185072188,0.3771316048306552,0.3832750245891225,0.38941844434758977,0.395561864106057,0.4017052838645242,0.4078487036229914,0.4139921233814587,0.42013554313992596,0.4262789628983932,0.4324223826568604,0.4385658024153276,0.44470922217379494,0.45085264193226215,0.45699606169072937,0.4631394814491966,0.4692829012076638,0.47542632096613113,0.48156974072459835,0.48771316048306557,0.4938565802415328,0.5,0.5061434197584673,0.5122868395169345,0.5184302592754018,0.524573679033869,0.5307170987923362,0.5368605185508035,0.5430039383092707,0.549147358067738,0.5552907778262052,0.5614341975846724,0.5675776173431397,0.5737210371016069,0.5798644568600742,0.5860078766185414,0.5921512963770086,0.5982947161354759,0.6044381358939431,0.6105815556524103,0.6167249754108776,0.6228683951693448,0.6290118149278121,0.6351552346862793,0.6412986544447465,0.6474420742032138,0.653585493961681,0.6597289137201483,0.6658723334786155,0.6720157532370827,0.67815917299555,0.6843025927540172,0.6904460125124845,0.6965894322709517,0.7027328520294189,0.7088762717878861,0.7150196915463534,0.7211631113048206,0.7273065310632879,0.7334499508217551,0.7395933705802223,0.7457367903386896,0.7518802100971568,0.7580236298556241,0.7641670496140913,0.7703104693725585,0.7764538891310258,0.7825973088894931,0.7887407286479603,0.7948841484064275,0.8010275681648947,0.807170987923362,0.04883273678093073,0.01627757892697691,0.03255515785395382,0.016277578926976982,0.04883273678093073,0.04883273678093073,0.01627757892697691,0.03255515785395382,0.0976654735618619,0.0976654735618619,0.14649821034279153,0.06511031570790735,0.16277578926976985,0.16277578926976985,0.11394305248883889,0.22788610497767572,0.16277578926976838,0.40693947317442464,0.42321705210140165,0.5859928413711714,0.5046049467362819,0.4232170521013977,0.5534376835172174,0.9278219988376881,0.8464341042028033,1.0254874723995406,1.302206314158147,1.1882632616693198,1.3184838930851357,1.5952027348437445,1.7254233662595448,2.1486404183609427,2.295138628703755,2.21375073406887,2.6369677861702714,2.5718574704623403,2.9625193647097845,3.07646241719865,3.304348522176328,3.662455258569821,3.5973449428618487,3.8089534689126143,4.329835994575878,4.134505047452154,4.215892942087039,4.443779047064636,4.80188578345821,4.1019498895982,4.460056625991694,4.2972808367219235,4.297280836721846,4.460056625991694,4.1019498895982,4.80188578345821,4.443779047064717,4.215892942086962,4.134505047452154,4.329835994575878,3.8089534689126143,3.597344942861913,3.662455258569755,3.304348522176328,3.07646241719865,2.9625193647098107,2.5718574704623633,2.636967786170224,2.21375073406887,2.295138628703755,2.1486404183609618,1.7254233662595602,1.5952027348437154,1.3184838930851357,1.1882632616693198,1.3022063141581588,1.02548747239955,0.8464341042027878,0.9278219988376881,0.5534376835172174,0.42321705210140165,0.5046049467362864,0.5859928413711608,0.42321705210140165,0.40693947317442464,0.16277578926976985,0.22788610497767778,0.11394305248883889,0.16277578926976688,0.16277578926976985,0.06511031570790793,0.14649821034279284,0.0976654735618619,0.09766547356186014,0.032555157853953964,0.016277578926976982,0.04883273678093095,0.04883273678093007,0.016277578926976982,0.032555157853953964,0.016277578926976982,0.04883273678093095,0.5,0.0870531449218828
1.01,expected,0.25,False,False,100,0,normal,0.3,1.2,1.2,1.0,0.2,0.16382143199781238,0.17054500335785613,0.1772685747178999,0.18399214607794362,0.19071571743798738,0.19743928879803113,0.2041628601580749,0.21088643151811864,0.2176100028781624,0.22433357423820616,0.2310571455982499,0.23778071695829367,0.2445042883183374,0.2512278596783811,0.2579514310384249,0.26467500239846864,0.2713985737585124,0.27812214511855615,0.2848457164785999,0.29156928783864366,0.2982928591986874,0.3050164305587312,0.31174000191877493,0.3184635732788187,0.32518714463886245,0.3319107159989062,0.33863428735894996,0.3453578587189937,0.35208143007903747,0.3588050014390812,0.36552857279912493,0.3722521441591687,0.37897571551921244,0.3856992868792562,0.39242285823929995,0.3991464295993437,0.4058700009593874,0.41259357231943117,0.4193171436794749,0.4260407150395187,0.43276428639956244,0.4394878577596062,0.44621142911964995,0.4529350004796937,0.45965857183973746,0.4663821431997812,0.473105714559825,0.47982928591986873,0.4865528572799125,0.49327642863995624,0.5,0.5067235713600438,0.5134471427200875,0.5201707140801313,0.526894285440175,0.5336178568002188,0.5403414281602625,0.5470649995203063,0.5537885708803499,0.5605121422403937,0.5672357136004375,0.5739592849604812,0.580682856320525,0.5874064276805687,0.5941299990406125,0.6008535704006562,0.6075771417607,0.6143007131207437,0.6210242844807875,0.6277478558408313,0.634471427200875,0.6411949985609188,0.6479185699209625,0.6546421412810063,0.66136571264105,0.6680892840010938,0.6748128553611376,0.6815364267211813,0.6882599980812251,0.6949835694412688,0.7017071408013126,0.7084307121613563,0.7151542835214001,0.7218778548814438,0.7286014262414876,0.7353249976015314,0.7420485689615751,0.7487721403216189,0.7554957116816626,0.7622192830417064,0.76894285440175,0.7756664257617938,0.7823899971218375,0.7891135684818813,0.7958371398419251,0.8025607112019688,0.8092842825620126,0.8160078539220563,0.8227314252821001,0.8294549966421438,0.8361785680021876,0.01487304806404988,0.0,0.0,0.0,0.0,0.0,0.02974609612809976,0.01487304806404988,0.0743652403202494,0.02974609612809976,0.0743652403202494,0.029746096128099878,0.0743652403202497,0.08923828838429927,0.11898438451239904,0.16360352870454867,0.1338574325764489,0.23796876902479808,0.2082226728966983,0.40157229772934677,0.38669924966529684,0.37182620160124696,0.5800488744979453,0.6544141148181947,0.5651758264338954,0.6395410667541448,0.862636787714893,0.862636787714893,1.3831934699566502,1.2939551815723394,1.6360352870454866,1.6955274793016863,2.2755763537996314,1.8442579599421849,2.126845873159133,2.1714650173513,2.6622756034649284,3.0043557089380757,2.9597365647459255,3.301816670219073,3.8223733524608186,3.5397854392438712,4.209072602126116,3.70338896794842,3.9859768811653673,3.70338896794842,4.714756236303812,4.685010140175712,4.283437842446364,4.744502332431911,4.744502332431911,4.283437842446364,4.685010140175712,4.714756236303812,3.70338896794842,3.9859768811653673,3.70338896794842,4.209072602126185,3.5397854392438712,3.8223733524608186,3.301816670219073,2.9597365647459255,3.0043557089380757,2.6622756034649284,2.171465017351282,2.126845873159133,1.8442579599421849,2.2755763537996314,1.6955274793016863,1.6360352870454866,1.2939551815723394,1.3831934699566388,0.862636787714893,0.862636787714893,0.6395410667541448,0.5651758264338954,0.6544141148181947,0.5800488744979453,0.37182620160124696,0.38669924966529684,0.40157229772934677,0.2082226728966983,0.23796876902479808,0.1338574325764489,0.16360352870454867,0.11898438451239904,0.08923828838429927,0.0743652403202494,0.02974609612809976,0.07436524032025062,0.02974609612809976,0.0743652403202494,0.01487304806404988,0.02974609612809976,0.0,0.0,0.0,0.0,0.0,0.01487304806404988,0.5,0.08803277957777254
1.01,expected,0.25,False,False,100,0,normal,0.3,1.2,1.2,1.0,0.3,0.17091088518337982,0.17749266747971224,0.18407444977604462,0.19065623207237703,0.19723801436870944,0.20381979666504185,0.21040157896137424,0.21698336125770665,0.22356514355403906,0.23014692585037144,0.23672870814670385,0.24331049044303626,0.24989227273936865,0.2564740550357011,0.26305583733203347,0.26963761962836585,0.2762194019246983,0.2828011842210307,0.28938296651736306,0.2959647488136955,0.3025465311100279,0.30912831340636027,0.3157100957026927,0.32229187799902514,0.3288736602953575,0.3354554425916899,0.34203722488802235,0.3486190071843547,0.3552007894806871,0.36178257177701956,0.36836435407335194,0.3749461363696843,0.38152791866601676,0.38810970096234915,0.39469148325868153,0.40127326555501397,0.40785504785134635,0.41443683014767874,0.4210186124440112,0.42760039474034356,0.43418217703667594,0.4407639593330084,0.44734574162934077,0.45392752392567315,0.4605093062220056,0.46709108851833797,0.4736728708146704,0.4802546531110028,0.4868364354073352,0.4934182177036676,0.5,0.5065817822963323,0.5131635645926649,0.5197453468889972,0.5263271291853295,0.5329089114816621,0.5394906937779944,0.5460724760743267,0.5526542583706593,0.5592360406669916,0.5658178229633241,0.5723996052596565,0.5789813875559888,0.5855631698523213,0.5921449521486537,0.598726734444986,0.6053085167413185,0.6118902990376509,0.6184720813339832,0.6250538636303157,0.6316356459266481,0.6382174282229804,0.6447992105193129,0.6513809928156453,0.6579627751119776,0.6645445574083101,0.6711263397046425,0.6777081220009749,0.6842899042973073,0.6908716865936397,0.6974534688899721,0.7040352511863045,0.7106170334826369,0.7171988157789693,0.7237805980753017,0.7303623803716341,0.7369441626679665,0.7435259449642989,0.7501077272606314,0.7566895095569637,0.7632712918532961,0.7698530741496286,0.776434856445961,0.7830166387422933,0.7895984210386258,0.7961802033349582,0.8027619856312905,0.809343767927623,0.8159255502239554,0.8225073325202877,0.8290891148166202,0.015193453003713497,0.030386906007427127,0.015193453003713497,0.015193453003713497,0.0,0.030386906007427127,0.0455803590111405,0.06077381201485399,0.030386906007427127,0.07596726501856749,0.07596726501856749,0.1519345300371356,0.15193453003713434,0.1519345300371356,0.16712798304084917,0.2582887010631284,0.243095248059417,0.3190625130779848,0.2734821540668418,0.37983632509283904,0.4558035901114069,0.4861904961188299,0.6077381201485373,0.8508333682079666,0.8052530091968121,1.0331548042525136,0.9723809922376763,1.0027678982450867,1.443378035352776,1.6560863774047783,1.7928274544382001,1.853601266453039,2.0966965145124714,1.8991816254641951,2.2182441385421616,2.7044346346610144,2.400565574586743,2.9475298827204064,2.9475298827204313,3.0690775067501397,3.509687643857803,3.6312352678875417,4.087038857998949,3.904717421954353,4.466875183091787,3.904717421954353,3.9806846869729533,4.2541668410397975,4.269360294043475,4.22377993503237,4.223779935032406,4.269360294043403,4.254166841039834,3.9806846869729866,3.904717421954287,4.466875183091825,3.9047174219544183,4.087038857998845,3.6312352678875723,3.509687643857803,3.069077506750114,2.9475298827204557,2.9475298827204064,2.4005655745867225,2.7044346346610366,2.2182441385421616,1.8991816254641791,2.096696514512489,1.853601266453039,1.7928274544381853,1.656086377404792,1.443378035352776,1.0027678982450867,0.9723809922376763,1.0331548042525136,0.8052530091968121,0.8508333682079666,0.6077381201485373,0.4861904961188299,0.4558035901114107,0.3798363250928358,0.2734821540668418,0.3190625130779875,0.24309524805941496,0.2582887010631284,0.16712798304085058,0.15193453003713434,0.15193453003713434,0.15193453003713692,0.07596726501856717,0.07596726501856717,0.03038690600742687,0.06077381201485477,0.045580359011140305,0.03038690600742687,0.0,0.015193453003713435,0.015193453003713435,0.030386906007427383,0.015193453003713435,0.5,0.09244871751890027
1.01,expected,0.25,False,False,100,0,normal,0.3,1.2,1.2,1.0,0.4,0.1735056022978232,0.18003549025186671,0.18656537820591026,0.1930952661599538,0.19962515411399734,0.20615504206804086,0.21268493002208438,0.21921481797612793,0.22574470593017149,0.232274593884215,0.23880448183825853,0.24533436979230208,0.2518642577463456,0.25839414570038916,0.2649240336544327,0.2714539216084762,0.2779838095625198,0.2845136975165633,0.2910435854706068,0.29757347342465035,0.30410336137869387,0.3106332493327374,0.31716313728678097,0.3236930252408245,0.330222913194868,0.3367528011489116,0.3432826891029551,0.34981257705699864,0.35634246501104216,0.3628723529650857,0.3694022409191292,0.3759321288731728,0.3824620168272163,0.38899190478125983,0.3955217927353034,0.40205168068934694,0.40858156864339046,0.415111456597434,0.4216413445514775,0.4281712325055211,0.4347011204595646,0.44123100841360813,0.44776089636765165,0.4542907843216952,0.46082067227573875,0.4673505602297823,0.4738804481838258,0.4804103361378693,0.48694022409191284,0.4934701120459564,0.49999999999999994,0.5065298879540434,0.513059775908087,0.5195896638621306,0.5261195518161741,0.5326494397702176,0.5391793277242611,0.5457092156783047,0.5522391036323482,0.5587689915863918,0.5652988795404352,0.5718287674944789,0.5783586554485224,0.5848885434025659,0.5914184313566094,0.597948319310653,0.6044782072646965,0.61100809521874,0.6175379831727836,0.624067871126827,0.6305977590808707,0.6371276470349142,0.6436575349889577,0.6501874229430012,0.6567173108970448,0.6632471988510883,0.6697770868051318,0.6763069747591753,0.682836862713219,0.6893667506672625,0.695896638621306,0.7024265265753495,0.7089564145293931,0.7154863024834366,0.7220161904374801,0.7285460783915236,0.7350759663455672,0.7416058542996108,0.7481357422536543,0.7546656302076978,0.7611955181617414,0.7677254061157849,0.7742552940698284,0.7807851820238719,0.7873150699779154,0.793844957931959,0.8003748458860025,0.8069047338400461,0.8134346217940897,0.8199645097481332,0.8264943977021767,0.015314198452375695,0.01531419845237563,0.0,0.01531419845237563,0.015314198452375695,0.0,0.01531419845237563,0.045942595357126886,0.03062839690475139,0.06125679380950278,0.045942595357126886,0.06125679380950303,0.07657099226187782,0.16845618297613263,0.12251358761900556,0.2143987783332579,0.2603413736903868,0.2603413736903868,0.21439877833325974,0.36754076285701665,0.36754076285701665,0.47474015202364245,0.6278821365474034,0.7657099226187847,0.5666253427378959,1.0413654947615472,0.9035377086901659,1.0873080901186742,1.194507479285304,1.6386192344041992,1.6386192344041854,1.7764470204755807,1.9295890049993374,1.9908457988088233,2.618727935356244,2.4043291570229837,2.863755110594255,2.695298927618122,3.1394106827369908,3.7060360254749174,3.430380453332156,3.629465033213039,3.7060360254749174,3.9663773991652707,4.379860757379449,4.08889098678431,4.487060146546078,4.823972512498344,3.9204348038081442,4.701458924879338,4.701458924879378,3.920434803808111,4.823972512498344,4.487060146546078,4.08889098678431,4.379860757379449,3.966377399165305,3.7060360254749174,3.629465033212978,3.430380453332214,3.706036025474855,3.139410682737017,2.695298927618122,2.863755110594255,2.4043291570229837,2.618727935356244,1.9908457988088402,1.9295890049993045,1.7764470204756109,1.6386192344041712,1.6386192344041992,1.194507479285304,1.0873080901186742,0.9035377086901659,1.0413654947615472,0.5666253427379007,0.7657099226187847,0.6278821365473928,0.47474015202364656,0.36754076285701665,0.36754076285701665,0.21439877833325974,0.2603413736903868,0.2603413736903868,0.21439877833325974,0.12251358761900556,0.16845618297612974,0.07657099226187847,0.06125679380950278,0.04594259535712708,0.06125679380950278,0.03062839690475139,0.04594259535712708,0.015314198452375695,0.0,0.015314198452375695,0.015314198452375433,0.0,0.015314198452375695,0.015314198452375695,0.5,0.08814222712200336
1.01,expected,0.25,False,False,100,0,normal,0.3,1.2,1.2,1.25,0.1,0.1684118689164952,0.1750436315381653,0.1816753941598354,0.1883071567815055,0.1949389194031756,0.20157068202484568,0.20820244464651577,0.2148342072681859,0.22146596988985598,0.22809773251152607,0.2347294951331962,0.24136125775486628,0.24799302037653637,0.25462478299820646,0.26125654561987655,0.26788830824154664,0.2745200708632167,0.2811518334848868,0.28778359610655696,0.29441535872822705,0.30104712134989714,0.30767888397156723,0.3143106465932374,0.32094240921490746,0.32757417183657755,0.33420593445824764,0.34083769707991773,0.3474694597015878,0.3541012223232579,0.360732984944928,0.3673647475665981,0.3739965101882682,0.3806282728099383,0.38726003543160836,0.39389179805327845,0.4005235606749486,0.4071553232966187,0.4137870859182888,0.4204188485399589,0.427050611161629,0.4336823737832991,0.4403141364049692,0.4469458990266393,0.45357766164830937,0.46020942426997946,0.46684118689164955,0.47347294951331964,0.48010471213498973,0.4867364747566598,0.4933682373783299,0.5,0.5066317626216701,0.5132635252433402,0.5198952878650104,0.5265270504866805,0.5331588131083506,0.5397905757300206,0.5464223383516907,0.5530541009733608,0.5596858635950309,0.566317626216701,0.5729493888383711,0.5795811514600412,0.5862129140817113,0.5928446767033814,0.5994764393250515,0.6061082019467215,0.6127399645683916,0.6193717271900617,0.6260034898117319,0.632635252433402,0.6392670150550721,0.6458987776767422,0.6525305402984123,0.6591623029200824,0.6657940655417525,0.6724258281634226,0.6790575907850926,0.6856893534067627,0.6923211160284328,0.6989528786501029,0.705584641271773,0.7122164038934431,0.7188481665151132,0.7254799291367833,0.7321116917584534,0.7387434543801235,0.7453752170017935,0.7520069796234637,0.7586387422451338,0.7652705048668039,0.771902267488474,0.7785340301101441,0.7851657927318142,0.7917975553534843,0.7984293179751544,0.8050610805968245,0.8116928432184946,0.8183246058401646,0.8249563684618347,0.8315881310835048,0.01507894743898671,0.0,0.01507894743898671,0.0,0.0,0.01507894743898671,0.0,0.0,0.04523684231696013,0.015078947438986648,0.06031578975594684,0.03015789487797342,0.0,0.07539473719493356,0.12063157951189368,0.06031578975594684,0.07539473719493356,0.15078947438986587,0.19602631670682724,0.21110526414581396,0.2714210539017608,0.3468157910966915,0.46744737060858804,0.5126842129255482,0.5880789501204817,0.5277631603645349,0.7690263193883223,0.738868424510349,0.8745789514612292,1.3420263220698172,1.477736849020698,1.5078947438986712,2.0205789568242194,1.8848684298733387,1.8094736926783903,2.7896052762125416,2.5181842223107807,3.4380000160889415,3.3776842263330233,3.4229210686499836,3.3927631737720096,3.8451315969416116,3.618947385356811,4.191947388038305,4.734789495841828,4.086394755965398,5.006210549743589,4.764947390719801,4.9609737074266285,5.021289497182575,5.021289497182575,4.9609737074266285,4.764947390719721,5.006210549743589,4.086394755965398,4.734789495841828,4.191947388038305,3.618947385356811,3.8451315969416116,3.3927631737720096,3.4229210686499836,3.3776842263330233,3.43800001608897,2.5181842223107807,2.7896052762125416,1.8094736926784054,1.8848684298733387,2.0205789568242194,1.5078947438986459,1.477736849020698,1.3420263220698172,0.8745789514612292,0.738868424510349,0.7690263193883223,0.5277631603645349,0.5880789501204817,0.5126842129255482,0.46744737060858804,0.34681579109669436,0.2714210539017608,0.21110526414581396,0.19602631670682724,0.15078947438986712,0.07539473719493356,0.06031578975594684,0.12063157951189368,0.07539473719493356,0.0,0.03015789487797342,0.06031578975594684,0.01507894743898671,0.04523684231696013,0.0,0.0,0.01507894743898671,0.0,0.0,0.01507894743898671,0.0,0.01507894743898671,0.5,0.08133369015327671
1.01,expected,0.25,False,False,100,0,normal,0.3,1.2,1.2,1.25,0.2,0.20590025138990709,0.21178224636210893,0.2176642413343108,0.22354623630651266,0.22942823127871453,0.23531022625091638,0.24119222122311823,0.2470742161953201,0.252956211167522,0.2588382061397238,0.2647202011119257,0.2706021960841275,0.2764841910563294,0.28236618602853125,0.28824818100073313,0.29413017597293495,0.3000121709451368,0.3058941659173387,0.3117761608895405,0.3176581558617424,0.3235401508339443,0.32942214580614615,0.33530414077834797,0.34118613575054985,0.34706813072275167,0.35295012569495354,0.3588321206671554,0.3647141156393573,0.3705961106115591,0.376478105583761,0.3823601005559628,0.3882420955281647,0.39412409050036656,0.40000608547256844,0.4058880804447703,0.41177007541697214,0.417652070389174,0.42353406536137583,0.4294160603335777,0.4352980553057796,0.44118005027798146,0.4470620452501833,0.45294404022238516,0.45882603519458703,0.46470803016678885,0.47059002513899073,0.4764720201111926,0.4823540150833944,0.4882360100555963,0.4941180050277982,0.5,0.5058819949722019,0.5117639899444038,0.5176459849166055,0.5235279798888075,0.5294099748610093,0.5352919698332111,0.541173964805413,0.5470559597776149,0.5529379547498168,0.5588199497220185,0.5647019446942205,0.5705839396664223,0.5764659346386242,0.582347929610826,0.5882299245830279,0.5941119195552298,0.5999939145274316,0.6058759094996335,0.6117579044718353,0.6176398994440372,0.6235218944162391,0.6294038893884409,0.6352858843606428,0.6411678793328446,0.6470498743050466,0.6529318692772483,0.6588138642494502,0.6646958592216521,0.6705778541938539,0.6764598491660558,0.6823418441382576,0.6882238391104595,0.6941058340826614,0.6999878290548632,0.7058698240270651,0.711751818999267,0.7176338139714687,0.7235158089436706,0.7293978039158725,0.7352797988880744,0.7411617938602763,0.7470437888324781,0.7529257838046799,0.7588077787768818,0.7646897737490836,0.7705717687212855,0.7764537636934874,0.7823357586656893,0.7882177536378911,0.7940997486100929,0.0340020691865931,0.03400206918659294,0.01700103459329655,0.01700103459329647,0.0340020691865931,0.0340020691865931,0.01700103459329647,0.05100310377988941,0.0,0.03400206918659294,0.08500517296648315,0.08500517296648234,0.08500517296648234,0.17001034593296468,0.22101344971285622,0.35702172645922586,0.34002069186592937,0.4080248302391191,0.28901758808604,0.3910237956458188,0.4420268994257082,0.5100310377988989,1.054064144784381,0.6630403491385686,0.9350569026313058,1.0370631101910848,1.377083802057014,1.1390693177508742,1.479090009616793,1.887114839855926,1.887114839855908,1.513092078803386,2.4821510506212845,2.4651500160279882,2.5501551889944944,2.958180019233586,3.1111893305732834,3.0601862267933644,3.332202780286108,3.689224506745334,3.7402276105252588,3.99524312942467,4.5222752018168615,4.454271063443717,4.777290720716308,4.233257613730821,4.981303135835913,4.590279340190047,4.148252440764339,5.287321758515252,5.287321758515202,4.148252440764339,4.590279340190134,4.981303135835772,4.233257613730901,4.777290720716308,4.454271063443675,4.5222752018168615,3.99524312942467,3.740227610525294,3.6892245067452643,3.332202780286171,3.0601862267933644,3.1111893305732536,2.958180019233586,2.5501551889944705,2.4651500160280344,2.482151050621238,1.5130920788034143,1.887114839855908,1.887114839855908,1.479090009616793,1.1390693177508635,1.37708380205704,1.037063110191065,0.9350569026313235,0.6630403491385624,1.054064144784381,0.5100310377989037,0.4420268994256999,0.3910237956458262,0.28901758808604,0.4080248302391153,0.34002069186592937,0.35702172645922586,0.2210134497128541,0.1700103459329679,0.08500517296648234,0.08500517296648234,0.08500517296648234,0.03400206918659294,0.0,0.05100310377989037,0.01700103459329647,0.03400206918659294,0.03400206918659294,0.01700103459329647,0.01700103459329647,0.03400206918659294,0.034002069186593584,0.5,0.08224060540030889
1.01,expected,0.25,False,False,100,0,normal,0.3,1.2,1.2,1.25,0.3,0.18596299616465398,0.1922437362413609,0.19852447631806783,0.20480521639477473,0.21108595647148165,0.21736669654818858,0.2236474366248955,0.22992817670160243,0.23620891677830935,0.24248965685501628,0.2487703969317232,0.25505113700843013,0.26133187708513705,0.2676126171618439,0.2738933572385509,0.2801740973152578,0.2864548373919647,0.2927355774686716,0.29901631754537855,0.3052970576220855,0.3115777976987924,0.31785853777549933,0.32413927785220625,0.3304200179289132,0.33670075800562005,0.34298149808232703,0.3492622381590339,0.3555429782357409,0.36182371831244775,0.3681044583891547,0.3743851984658616,0.3806659385425685,0.38694667861927545,0.3932274186959824,0.3995081587726893,0.40578889884939623,0.41206963892610315,0.41835037900281,0.424631119079517,0.4309118591562239,0.43719259923293086,0.4434733393096377,0.4497540793863447,0.4560348194630516,0.46231555953975856,0.46859629961646543,0.4748770396931723,0.4811577797698793,0.48743851984658615,0.49371925992329313,0.5,0.506280740076707,0.5125614801534139,0.5188422202301208,0.5251229603068277,0.5314037003835347,0.5376844404602416,0.5439651805369485,0.5502459206136554,0.5565266606903623,0.5628074007670693,0.5690881408437761,0.5753688809204831,0.58164962099719,0.587930361073897,0.5942111011506038,0.6004918412273108,0.6067725813040177,0.6130533213807247,0.6193340614574315,0.6256148015341385,0.6318955416108454,0.6381762816875522,0.6444570217642592,0.6507377618409661,0.6570185019176731,0.66329924199438,0.6695799820710869,0.6758607221477938,0.6821414622245008,0.6884222023012077,0.6947029423779145,0.7009836824546215,0.7072644225313284,0.7135451626080354,0.7198259026847422,0.7261066427614492,0.7323873828381561,0.7386681229148631,0.7449488629915699,0.7512296030682768,0.7575103431449838,0.7637910832216906,0.7700718232983976,0.7763525633751045,0.7826333034518115,0.7889140435285183,0.7951947836052253,0.8014755236819322,0.8077562637586392,0.814037003835346,0.015921690561732548,0.015921690561732548,0.0,0.015921690561732548,0.015921690561732548,0.047765071685197634,0.031843381123465096,0.031843381123465096,0.0,0.031843381123465096,0.06368676224693019,0.09553014337039527,0.07960845280866344,0.15921690561732404,0.04776507168519806,0.2069819773025231,0.350277192358116,0.350277192358116,0.39804226404331366,0.38212057348158107,0.4298856451667787,0.38212057348158107,0.7323977658396971,0.7164760752779709,0.8438495997718175,0.8438495997718324,1.018988195950874,1.3055786260620803,1.369265388308999,1.4170304599941967,1.401108769432464,1.9424462485313707,1.7354642712288475,1.9424462485313707,2.5793138710006724,2.738530776617998,2.834060919988418,3.120651350099551,3.5664586858281218,3.534615304704594,3.582380376389855,4.012266021556566,4.26701307054436,4.219247998859087,4.155561236612231,3.8052840442541123,4.680977025149327,4.887959002451935,4.808350549643186,4.394386595038221,4.394386595038143,4.808350549643271,4.887959002451848,4.68097702514941,3.8052840442540443,4.155561236612231,4.219247998859087,4.26701307054436,4.012266021556637,3.5823803763897906,3.5346153047046567,3.5664586858280587,3.1206513500996067,2.834060919988368,2.738530776618022,2.57931387100065,1.9424462485313878,1.7354642712288322,1.9424462485313878,1.4011087694324518,1.417030459994209,1.369265388309011,1.3055786260620572,1.018988195950892,0.8438495997718175,0.8438495997718324,0.7164760752779583,0.7323977658397036,0.38212057348157774,0.4298856451667825,0.38212057348158446,0.3980422640433101,0.3502771923581191,0.35027719235811294,0.2069819773025249,0.04776507168519722,0.15921690561732688,0.07960845280866202,0.09553014337039611,0.06368676224693075,0.03184338112346481,0.0,0.03184338112346481,0.031843381123465374,0.04776507168519722,0.015921690561732687,0.015921690561732406,0.0,0.015921690561732406,0.015921690561732687,0.5,0.0853457541968906
1.01,expected,0.25,False,False,100,0,normal,0.3,1.2,1.2,1.25,0.4,0.17250519486340238,0.17905509096613434,0.18560498706886627,0.19215488317159823,0.1987047792743302,0.20525467537706216,0.2118045714797941,0.21835446758252605,0.224904363685258,0.23145425978798995,0.2380041558907219,0.24455405199345387,0.2511039480961858,0.2576538441989178,0.2642037403016497,0.27075363640438166,0.27730353250711365,0.2838534286098456,0.29040332471257757,0.2969532208153095,0.30350311691804144,0.31005301302077337,0.31660290912350536,0.32315280522623735,0.3297027013289693,0.3362525974317012,0.34280249353443315,0.3493523896371651,0.3559022857398971,0.36245218184262906,0.369002077945361,0.37555197404809293,0.38210187015082486,0.38865176625355685,0.3952016623562888,0.4017515584590208,0.4083014545617527,0.41485135066448464,0.4214012467672166,0.42795114286994856,0.4345010389726805,0.4410509350754125,0.4476008311781444,0.45415072728087635,0.46070062338360834,0.4672505194863403,0.47380041558907227,0.4803503116918042,0.48690020779453613,0.4934501038972681,0.5,0.5065498961027319,0.513099792205464,0.5196496883081959,0.5261995844109278,0.5327494805136599,0.5392993766163918,0.5458492727191238,0.5523991688218557,0.5589490649245876,0.5654989610273196,0.5720488571300515,0.5785987532327834,0.5851486493355155,0.5916985454382474,0.5982484415409793,0.6047983376437114,0.6113482337464433,0.6178981298491752,0.6244480259519072,0.6309979220546391,0.637547818157371,0.644097714260103,0.6506476103628349,0.657197506465567,0.6637474025682989,0.6702972986710308,0.6768471947737629,0.6833970908764948,0.6899469869792267,0.6964968830819587,0.7030467791846906,0.7095966752874225,0.7161465713901545,0.7226964674928864,0.7292463635956183,0.7357962596983503,0.7423461558010824,0.7488960519038144,0.7554459480065463,0.7619958441092782,0.7685457402120102,0.7750956363147421,0.781645532417474,0.788195428520206,0.7947453246229379,0.8012952207256698,0.8078451168284018,0.8143950129311339,0.8209449090338659,0.8274948051365977,0.015267417747021972,0.0,0.0,0.015267417747021972,0.0,0.0,0.030534835494043944,0.030534835494043944,0.0,0.015267417747021972,0.04580225324106592,0.061069670988088146,0.06106967098808764,0.10687192422915426,0.13740675972319835,0.1832090129642629,0.10687192422915426,0.10687192422915337,0.25954610169937464,0.16794159521724242,0.3206157726874628,0.33588319043448195,0.3969528614225696,0.5954292921338594,0.6106967098808814,0.8702428115802561,0.7175686341100358,0.8397079760862048,1.1603237487736648,1.4046024327260276,1.5878114456902919,1.9542294716188207,1.9542294716188044,1.7862878764015782,1.969496889365826,2.4427868395235257,2.916076789681209,2.7481351944639667,3.1145532203924695,3.5267734995620907,3.969528614225696,4.015330867466796,3.8473892722495533,4.137470209442937,4.564957906359589,4.610760159600616,4.519155653118523,4.809236590311942,4.3817488933952875,4.885573679047093,4.885573679047051,4.38174889339525,4.809236590311942,4.519155653118523,4.610760159600577,4.564957906359589,4.137470209442972,3.8473892722495533,4.015330867466796,3.96952861422573,3.5267734995620907,3.1145532203924957,2.74813519446392,2.916076789681209,2.4427868395235257,1.9694968893658094,1.7862878764015782,1.9542294716188207,1.9542294716188207,1.5878114456902919,1.4046024327260276,1.1603237487736748,0.839707976086212,0.7175686341100236,0.8702428115802561,0.6106967098808814,0.5954292921338493,0.39695286142257297,0.33588319043448484,0.3206157726874628,0.16794159521724242,0.25954610169937464,0.10687192422915426,0.10687192422915426,0.18320901296426445,0.13740675972319835,0.10687192422915064,0.061069670988088146,0.061069670988088146,0.04580225324106611,0.015267417747022036,0.0,0.030534835494044073,0.030534835494044073,0.0,0.0,0.015267417747022036,0.0,0.0,0.015267417747022297,0.5,0.0829735271798489
1.01,expected,0.25,False,False,100,0,normal,0.3,1.2,1.2,1.5,0.1,0.14374688344605402,0.15087194577713295,0.15799700810821185,0.16512207043929078,0.17224713277036968,0.1793721951014486,0.18649725743252754,0.19362231976360644,0.20074738209468537,0.2078724444257643,0.2149975067568432,0.22212256908792213,0.22924763141900106,0.23637269375007997,0.2434977560811589,0.2506228184122378,0.2577478807433167,0.26487294307439563,0.2719980054054746,0.2791230677365535,0.2862481300676324,0.2933731923987113,0.30049825472979025,0.30762331706086915,0.3147483793919481,0.321873441723027,0.3289985040541059,0.3361235663851848,0.34324862871626377,0.3503736910473427,0.35749875337842163,0.36462381570950053,0.37174887804057943,0.37887394037165834,0.38599900270273724,0.3931240650338162,0.4002491273648951,0.40737418969597405,0.41449925202705296,0.42162431435813186,0.42874937668921076,0.4358744390202897,0.4429995013513686,0.4501245636824475,0.4572496260135265,0.4643746883446054,0.4714997506756843,0.47862481300676324,0.48574987533784214,0.49287493766892104,0.5,0.5071250623310789,0.5142501246621578,0.5213751869932368,0.5285002493243156,0.5356253116553946,0.5427503739864735,0.5498754363175524,0.5570004986486313,0.5641255609797102,0.5712506233107892,0.578375685641868,0.585500747972947,0.592625810304026,0.5997508726351048,0.6068759349661837,0.6140009972972627,0.6211260596283417,0.6282511219594205,0.6353761842904995,0.6425012466215784,0.6496263089526573,0.6567513712837362,0.6638764336148151,0.6710014959458941,0.678126558276973,0.6852516206080519,0.6923766829391308,0.6995017452702097,0.7066268076012886,0.7137518699323675,0.7208769322634465,0.7280019945945254,0.7351270569256043,0.7422521192566832,0.7493771815877621,0.756502243918841,0.76362730624992,0.7707523685809989,0.7778774309120778,0.7850024932431567,0.7921275555742356,0.7992526179053145,0.8063776802363936,0.8135027425674725,0.8206278048985514,0.8277528672296303,0.8348779295607092,0.8420029918917881,0.849128054222867,0.856253116553946,0.014034964938314758,0.0,0.0,0.0,0.014034964938314758,0.0,0.0,0.0,0.0,0.014034964938314815,0.0,0.0,0.02806992987662963,0.0,0.0,0.07017482469157406,0.04210489481494444,0.08420978962988822,0.08420978962988888,0.04210489481494444,0.11227971950651852,0.18245454419809115,0.18245454419809257,0.22455943901303527,0.32280419358124074,0.37894405333449993,0.4491188780260741,0.5894685274092176,0.5754335624709074,0.7157832118540499,0.912272720990463,1.1789370548184444,1.3754265639548517,1.4456013886464258,1.9227901965491145,2.329804179760259,2.2876992849452966,2.8912027772928517,2.554363618773296,3.494706269640388,3.5508461293936198,4.1122447269262405,3.985930042481407,4.350839130877558,4.6736433244588325,4.785923043965351,4.813992973841944,4.771888079027036,5.305216746683,5.305216746682958,5.305216746683,5.305216746683,4.771888079026962,4.813992973842056,4.785923043965277,4.6736433244588325,4.350839130877592,3.985930042481407,4.1122447269262405,3.5508461293935922,3.4947062696404427,2.554363618773256,2.8912027772928517,2.2876992849453144,2.329804179760259,1.9227901965491296,1.4456013886464032,1.3754265639548733,1.178937054818426,0.912272720990463,0.7157832118540555,0.5754335624709074,0.5894685274092222,0.4491188780260671,0.37894405333449993,0.32280419358124074,0.22455943901303704,0.18245454419809257,0.18245454419809257,0.11227971950651852,0.04210489481494378,0.08420978962988888,0.08420978962988888,0.04210489481494444,0.07017482469157406,0.0,0.0,0.02806992987662963,0.0,0.0,0.014034964938314815,0.0,0.0,0.0,0.0,0.014034964938314815,0.0,0.0,0.0,0.014034964938314597,0.5,0.07624298031226248
1.01,expected,0.25,False,False,100,0,normal,0.3,1.2,1.2,1.5,0.2,0.19980564489122785,0.2058095319934033,0.21181341909557871,0.21781730619775416,0.2238211932999296,0.22982508040210506,0.2358289675042805,0.24183285460645593,0.24783674170863138,0.2538406288108068,0.25984451591298224,0.26584840301515766,0.27185229011733314,0.2778561772195086,0.28386006432168404,0.28986395142385946,0.29586783852603493,0.30187172562821035,0.3078756127303858,0.31387949983256125,0.31988338693473667,0.3258872740369121,0.33189116113908756,0.337895048241263,0.3438989353434384,0.3499028224456139,0.35590670954778936,0.3619105966499647,0.3679144837521402,0.3739183708543157,0.37992225795649104,0.3859261450586665,0.391930032160842,0.3979339192630174,0.40393780636519283,0.4099416934673683,0.4159455805695437,0.42194946767171915,0.4279533547738946,0.43395724187607004,0.43996112897824546,0.44596501608042094,0.4519689031825964,0.4579727902847718,0.46397667738694726,0.46998056448912273,0.4759844515912981,0.4819883386934736,0.48799222579564905,0.4939961128978244,0.4999999999999999,0.5060038871021754,0.5120077742043508,0.5180116613065262,0.5240155484087017,0.5300194355108772,0.5360233226130525,0.542027209715228,0.5480310968174035,0.5540349839195788,0.5600388710217543,0.5660427581239298,0.5720466452261052,0.5780505323282806,0.5840544194304561,0.5900583065326315,0.596062193634807,0.6020660807369824,0.6080699678391579,0.6140738549413333,0.6200777420435087,0.6260816291456842,0.6320855162478596,0.6380894033500351,0.6440932904522105,0.6500971775543859,0.6561010646565614,0.6621049517587368,0.6681088388609122,0.6741127259630877,0.6801166130652632,0.6861205001674385,0.692124387269614,0.6981282743717895,0.704132161473965,0.7101360485761403,0.7161399356783158,0.7221438227804913,0.7281477098826666,0.7341515969848421,0.7401554840870176,0.7461593711891931,0.7521632582913684,0.7581671453935439,0.7641710324957194,0.7701749195978947,0.7761788067000702,0.7821826938022457,0.7881865809044211,0.7941904680065965,0.800194355108772,0.01665587615126307,0.016655876151263148,0.0,0.01665587615126307,0.01665587615126307,0.0,0.033311752302526296,0.01665587615126307,0.01665587615126307,0.033311752302526296,0.049967628453789444,0.08327938075631497,0.049967628453788986,0.06662350460505259,0.11659113305884204,0.16655876151262994,0.09993525690757889,0.1665587615126315,0.18321463766389295,0.23318226611768408,0.3497733991765261,0.5163321606891528,0.5163321606891577,0.4996762845378945,0.7162026745043087,0.9993525690757796,1.2825024636472744,0.8994173121682018,1.2825024636472506,1.4490612251599073,1.4990288536136696,1.5489964820674587,2.2651991565717884,2.215231528117999,2.515037298840712,2.8481548218659984,2.8481548218659984,3.531045744067755,3.481078115613998,3.91413089554684,3.8974750193955408,4.2305925424208,4.646989446202462,4.163969037815749,4.097345533210697,4.730268826958778,5.263256863799106,5.1300098545890025,5.4464715014631,5.11335397843774,5.11335397843774,5.446471501462999,5.1300098545890975,5.263256863799106,4.7302688269586906,4.097345533210772,4.163969037815749,4.646989446202375,4.2305925424208795,3.8974750193955408,3.914130895546804,3.48107811561403,3.531045744067755,2.8481548218659722,2.848154821866025,2.515037298840712,2.2152315281179784,2.265199156571767,1.548996482067487,1.4990288536136696,1.4490612251598807,1.2825024636472744,0.8994173121682018,1.2825024636472506,0.9993525690757983,0.7162026745043087,0.4996762845378898,0.5163321606891623,0.5163321606891528,0.3497733991765229,0.23318226611768622,0.18321463766389295,0.16655876151262994,0.09993525690757797,0.16655876151263302,0.11659113305884096,0.06662350460505198,0.04996762845378991,0.08327938075631497,0.049967628453788986,0.03331175230252599,0.016655876151263304,0.016655876151262995,0.03331175230252599,0.0,0.016655876151262995,0.016655876151262995,0.0,0.016655876151262995,0.016655876151262995,0.5,0.0766943325511502
1.01,expected,0.25,False,False,100,0,normal,0.3,1.2,1.2,1.5,0.3,0.21143004303237647,0.21720144217172896,0.22297284131108142,0.2287442404504339,0.23451563958978636,0.24028703872913884,0.2460584378684913,0.2518298370078438,0.25760123614719627,0.2633726352865487,0.2691440344259012,0.27491543356525366,0.28068683270460615,0.2864582318439586,0.29222963098331106,0.29800103012266355,0.30377242926201603,0.3095438284013685,0.31531522754072094,0.32108662668007343,0.3268580258194259,0.33262942495877834,0.3384008240981309,0.3441722232374833,0.3499436223768358,0.3557150215161883,0.3614864206555407,0.3672578197948932,0.3730292189342457,0.3788006180735981,0.38457201721295065,0.3903434163523031,0.39611481549165556,0.40188621463100804,0.40765761377036047,0.413429012909713,0.41920041204906544,0.4249718111884179,0.4307432103277704,0.43651460946712284,0.4422860086064753,0.4480574077458278,0.45382880688518024,0.4596002060245328,0.4653716051638852,0.47114300430323763,0.4769144034425902,0.4826858025819426,0.48845720172129514,0.49422860086064757,0.5,0.5057713991393525,0.511542798278705,0.5173141974180575,0.5230855965574099,0.5288569956967624,0.5346283948361149,0.5403997939754673,0.5461711931148198,0.5519425922541723,0.5577139913935247,0.5634853905328773,0.5692567896722297,0.5750281888115821,0.5807995879509347,0.5865709870902871,0.5923423862296396,0.5981137853689921,0.6038851845083445,0.609656583647697,0.6154279827870495,0.6211993819264019,0.6269707810657544,0.6327421802051069,0.6385135793444594,0.6442849784838118,0.6500563776231643,0.6558277767625168,0.6615991759018692,0.6673705750412217,0.6731419741805742,0.6789133733199266,0.6846847724592792,0.6904561715986316,0.696227570737984,0.7019989698773366,0.707770369016689,0.7135417681560414,0.719313167295394,0.7250845664347464,0.7308559655740988,0.7366273647134514,0.7423987638528038,0.7481701629921563,0.7539415621315088,0.7597129612708612,0.7654843604102137,0.7712557595495662,0.7770271586889187,0.7827985578282711,0.7885699569676236,0.05198046310026275,0.0,0.0,0.0,0.0,0.017326821033420998,0.017326821033420915,0.05198046310026275,0.10396092620052651,0.1039609262005255,0.08663410516710457,0.017326821033420915,0.017326821033421085,0.24257549446789284,0.207921852401051,0.05198046310026275,0.3811900627352601,0.5198046310026325,0.43317052583552296,0.415843704802102,0.45049734686894816,0.7623801254705129,0.6064387361697379,0.8143605885707831,1.039609262005255,1.0049556199384229,1.2128774723394642,1.3168383985399896,1.3168383985400023,1.680701640241813,2.3911013026121095,2.1311989871107726,2.1658526291776146,2.304467197445004,2.6856572601802164,2.7722913653473733,3.118827786015765,3.3614032804836578,3.6213055959850062,3.742593343218918,3.621305595984971,4.660914857990272,3.655959238051778,4.487646647656061,4.591607573856587,4.435666184555712,5.3886413413939565,4.574280752823078,5.267353594160009,4.730222142123956,4.730222142123865,5.267353594160009,4.574280752823078,5.3886413413939565,4.435666184555798,4.591607573856498,4.487646647656061,3.6559592380518486,4.660914857990182,3.6213055959850062,3.7425933432188816,3.6213055959850062,3.3614032804836897,3.1188277860157347,2.7722913653473733,2.6856572601802164,2.304467197445004,2.1658526291776354,2.131198987110752,2.3911013026121095,1.6807016402418449,1.316838398539977,1.3168383985400023,1.2128774723394524,1.0049556199384229,1.039609262005265,0.8143605885707752,0.6064387361697379,0.7623801254705277,0.45049734686893955,0.41584370480210603,0.43317052583551874,0.5198046310026325,0.38119006273526385,0.05198046310026225,0.20792185240105301,0.24257549446789517,0.01732682103342075,0.017326821033421085,0.08663410516710542,0.1039609262005245,0.10396092620052651,0.05198046310026225,0.017326821033421085,0.017326821033421085,0.0,0.0,0.0,0.0,0.051980463100263254,0.5,0.0803314439794081
1.01,expected,0.25,False,False,100,0,normal,0.3,1.2,1.2,1.5,0.4,0.18384811546173366,0.190171153152499,0.1964941908432643,0.20281722853402964,0.20914026622479495,0.2154633039155603,0.2217863416063256,0.22810937929709094,0.23443241698785627,0.24075545467862158,0.24707849236938692,0.25340153006015226,0.25972456775091757,0.2660476054416829,0.27237064313244824,0.27869368082321355,0.28501671851397886,0.29133975620474417,0.29766279389550954,0.30398583158627485,0.31030886927704016,0.3166319069678055,0.32295494465857083,0.32927798234933614,0.3356010200401015,0.3419240577308668,0.3482470954216321,0.3545701331123975,0.3608931708031628,0.3672162084939281,0.3735392461846935,0.37986228387545873,0.3861853215662241,0.39250835925698946,0.3988313969477547,0.4051544346385201,0.4114774723292854,0.4178005100200507,0.42412354771081606,0.43044658540158137,0.4367696230923467,0.44309266078311205,0.4494156984738773,0.45573873616464267,0.46206177385540803,0.4683848115461733,0.47470784923693865,0.481030886927704,0.48735392461846927,0.49367696230923463,0.5,0.5063230376907653,0.5126460753815306,0.518969113072296,0.5252921507630612,0.5316151884538266,0.537938226144592,0.5442612638353572,0.5505843015261226,0.556907339216888,0.5632303769076532,0.5695534145984186,0.5758764522891838,0.5821994899799492,0.5885225276707146,0.5948455653614798,0.6011686030522452,0.6074916407430105,0.6138146784337758,0.6201377161245412,0.6264607538153065,0.6327837915060718,0.6391068291968371,0.6454298668876025,0.6517529045783678,0.6580759422691331,0.6643989799598985,0.6707220176506637,0.6770450553414291,0.6833680930321944,0.6896911307229597,0.6960141684137251,0.7023372061044904,0.7086602437952557,0.714983281486021,0.7213063191767863,0.7276293568675517,0.733952394558317,0.7402754322490823,0.7465984699398477,0.7529215076306129,0.7592445453213783,0.7655675830121437,0.7718906207029089,0.7782136583936743,0.7845366960844397,0.7908597337752049,0.7971827714659703,0.8035058091567356,0.8098288468475009,0.8161518845382663,0.015815183285408513,0.0,0.0,0.015815183285408582,0.0,0.0,0.0,0.015815183285408513,0.031630366570817164,0.031630366570817026,0.015815183285408513,0.031630366570817164,0.06326073314163433,0.03163036657081689,0.0948910997124515,0.12652146628326866,0.07907591642704291,0.14233664956867598,0.2530429325665373,0.3321188489935802,0.18978219942490132,0.26885811585194586,0.4111947654206231,0.6326073314163377,0.5060858651330746,0.7274984311287948,0.8382047141266474,1.2177691129764607,1.1861387464056437,1.1545083798348164,1.3917361291159673,1.9294523608198297,1.8029308945365625,2.055973827103134,2.0559738271030974,2.9258089078005876,2.6569507919486415,3.526785872646083,3.495155506075297,3.5426010559315224,3.7323832553563925,4.175208387347903,4.712924619051716,4.728739802337124,4.412436136629033,4.744554985622533,4.380805770058139,5.219010484184878,4.792000535478758,4.380805770058139,4.380805770058215,4.792000535478758,5.219010484184786,4.380805770058215,4.744554985622533,4.412436136628955,4.728739802337207,4.712924619051716,4.175208387347829,3.7323832553564578,3.5426010559314913,3.495155506075327,3.526785872646083,2.6569507919486184,2.925808907800613,2.0559738271030974,2.0559738271030974,1.802930894536594,1.9294523608198297,1.391736129115943,1.1545083798348366,1.1861387464056332,1.21776911297645,0.8382047141266621,0.7274984311287883,0.5060858651330702,0.6326073314163488,0.4111947654206195,0.26885811585194824,0.18978219942490132,0.3321188489935773,0.2530429325665395,0.14233664956867598,0.0790759164270436,0.12652146628326755,0.09489109971245066,0.031630366570817435,0.06326073314163377,0.03163036657081689,0.015815183285408718,0.03163036657081689,0.03163036657081689,0.015815183285408718,0.0,0.0,0.0,0.015815183285408443,0.0,0.0,0.015815183285408443,0.5,0.07864333231389745
1.01,expected,0.25,False,False,100,0,normal,0.3,1.2,1.6,0.5,0.1,0.049374309668533706,0.05838682347516303,0.06739933728179236,0.07641185108842169,0.08542436489505101,0.09443687870168033,0.10344939250830966,0.11246190631493899,0.12147442012156831,0.13048693392819763,0.13949944773482698,0.1485119615414563,0.1575244753480856,0.16653698915471493,0.17554950296134428,0.1845620167679736,0.19357453057460292,0.20258704438123223,0.21159955818786155,0.2206120719944909,0.22962458580112022,0.23863709960774954,0.24764961341437888,0.25666212722100823,0.2656746410276375,0.27468715483426687,0.28369966864089613,0.2927121824475255,0.3017246962541549,0.31073721006078414,0.3197497238674135,0.3287622376740428,0.33777475148067215,0.3467872652873014,0.3557997790939308,0.36481229290056005,0.3738248067071894,0.3828373205138188,0.39184983432044806,0.40086234812707744,0.4098748619337067,0.4188873757403361,0.42789988954696534,0.4369124033535947,0.4459249171602241,0.45493743096685335,0.4639499447734827,0.472962458580112,0.48197497238674136,0.4909874861933706,0.5,0.5090125138066293,0.5180250276132586,0.527037541419888,0.5360500552265173,0.5450625690331466,0.554075082839776,0.5630875966464053,0.5721001104530347,0.5811126242596639,0.5901251380662933,0.5991376518729226,0.6081501656795519,0.6171626794861812,0.6261751932928106,0.63518770709944,0.6442002209060692,0.6532127347126986,0.6622252485193278,0.6712377623259572,0.6802502761325865,0.6892627899392159,0.6982753037458451,0.7072878175524745,0.7163003313591039,0.7253128451657331,0.7343253589723625,0.7433378727789918,0.7523503865856211,0.7613629003922504,0.7703754141988798,0.7793879280055092,0.7884004418121384,0.7974129556187678,0.8064254694253971,0.8154379832320264,0.8244504970386557,0.8334630108452851,0.8424755246519144,0.8514880384585437,0.8605005522651731,0.8695130660718023,0.8785255798784317,0.887538093685061,0.8965506074916904,0.9055631212983196,0.914575635104949,0.9235881489115784,0.9326006627182076,0.941613176524837,0.9506256903314663,0.011095683418142793,0.0,0.0,0.0,0.0,0.0,0.0,0.0,0.0,0.011095683418142767,0.0,0.011095683418142802,0.022191366836285604,0.04438273367257107,0.04438273367257121,0.04438273367257121,0.08876546734514242,0.09986115076328522,0.1331482010177132,0.15533956785399924,0.24410503519914165,0.22191366836285537,0.48821007039828185,0.32177481912614325,0.47711438698013753,0.510401437234572,0.6102625879978504,0.7877935226881341,0.7877935226881438,0.7434107890155632,0.8876546734514297,1.1428553920687017,1.3314820101771445,1.7420222966484094,1.6199697790488592,1.5977784122125536,1.997223015265692,2.141466899701574,2.1858496333741186,2.6407726535180034,3.006930206316681,2.9736431560622893,2.973643156062253,3.2843222917702493,3.3508963922791466,2.9292604223896817,3.3841834425335757,3.6393841611508173,3.273226608352147,3.517331643551247,3.5173316435512896,3.2732266083521067,3.6393841611508173,3.3841834425335757,2.9292604223896817,3.3508963922791057,3.28432229177029,2.973643156062253,2.9736431560622893,3.006930206316681,2.6407726535180034,2.1858496333741186,2.141466899701574,1.997223015265692,1.5977784122125536,1.6199697790488592,1.7420222966484094,1.3314820101771445,1.1428553920687017,0.8876546734514297,0.7434107890155632,0.7877935226881438,0.7877935226881341,0.6102625879978504,0.510401437234572,0.47711438698013753,0.32177481912614325,0.4882100703982803,0.22191366836285742,0.24410503519914015,0.15533956785399827,0.13314820101771446,0.0998611507632846,0.08876546734514296,0.04438273367257094,0.04438273367257148,0.04438273367257094,0.02219136683628547,0.01109568341814287,0.0,0.01109568341814287,0.0,0.0,0.0,0.0,0.0,0.0,0.0,0.0,0.01109568341814287,0.5,0.1108731990831229
1.01,expected,0.25,False,False,100,0,normal,0.3,1.2,1.6,0.5,0.2,0.10470114325691304,0.11260712039177478,0.12051309752663653,0.12841907466149827,0.13632505179636,0.14423102893122175,0.1521370060660835,0.16004298320094523,0.16794896033580697,0.17585493747066872,0.18376091460553046,0.1916668917403922,0.1995728688752539,0.20747884601011565,0.2153848231449774,0.22329080027983914,0.23119677741470088,0.23910275454956262,0.24700873168442436,0.25491470881928613,0.26282068595414787,0.2707266630890096,0.27863264022387135,0.2865386173587331,0.2944445944935948,0.3023505716284565,0.31025654876331826,0.31816252589818,0.32606850303304175,0.3339744801679035,0.34188045730276523,0.34978643443762697,0.3576924115724887,0.36559838870735045,0.3735043658422122,0.38141034297707394,0.3893163201119357,0.3972222972467974,0.40512827438165916,0.4130342515165209,0.42094022865138264,0.4288462057862444,0.4367521829211061,0.44465816005596787,0.4525641371908296,0.46047011432569135,0.4683760914605531,0.47628206859541483,0.4841880457302765,0.49209402286513826,0.5,0.5079059771348617,0.5158119542697235,0.5237179314045852,0.531623908539447,0.5395298856743087,0.5474358628091704,0.5553418399440322,0.5632478170788939,0.5711537942137557,0.5790597713486174,0.5869657484834792,0.5948717256183409,0.6027777027532026,0.6106836798880644,0.6185896570229261,0.6264956341577879,0.6344016112926496,0.6423075884275113,0.6502135655623731,0.6581195426972348,0.6660255198320966,0.6739314969669583,0.68183747410182,0.6897434512366818,0.6976494283715435,0.7055554055064053,0.713461382641267,0.7213673597761288,0.7292733369109905,0.7371793140458522,0.745085291180714,0.7529912683155757,0.7608972454504375,0.7688032225852992,0.776709199720161,0.7846151768550227,0.7925211539898844,0.8004271311247462,0.8083331082596079,0.8162390853944697,0.8241450625293314,0.8320510396641931,0.8399570167990549,0.8478629939339166,0.8557689710687784,0.86367494820364,0.8715809253385017,0.8794869024733635,0.8873928796082252,0.895298856743087,0.01264865788177476,0.01264865788177476,0.0,0.0,0.0,0.0,0.02529731576354952,0.07589194729064856,0.03794597364532428,0.03794597364532428,0.08854060517242332,0.06324328940887403,0.08854060517242332,0.16443255246307187,0.17708121034484664,0.15178389458129712,0.26562181551726993,0.2909191312808195,0.3288651049261426,0.32886510492614374,0.4300543679803419,0.4300543679803419,0.45535168374389134,0.670378867734067,0.7336221571429361,0.8474600780789089,0.9865953147784312,0.9865953147784312,1.1130818935961788,1.3534063933498994,1.1257305514779536,1.6190282088671692,1.6443255246307187,1.846704050739115,2.049082576847511,2.3020557344830066,2.049082576847511,2.4032449975372043,2.7194614445815732,2.9724346022170685,2.5423802342367265,2.9724346022170685,3.111569838916591,3.174813128325465,3.149515812561915,3.528975549015158,2.9344886285717444,3.857840653941329,3.7945973645324282,3.2886510492614374,3.2886510492614374,3.7945973645324282,3.8578406539413015,2.9344886285717444,3.528975549015158,3.149515812561915,3.174813128325465,3.111569838916591,2.9724346022170685,2.5423802342367265,2.9724346022170685,2.7194614445815732,2.4032449975372043,2.049082576847511,2.3020557344830066,2.049082576847511,1.846704050739115,1.6443255246307187,1.6190282088671692,1.1257305514779536,1.3534063933498994,1.1130818935961788,0.9865953147784312,0.9865953147784312,0.8474600780789089,0.7336221571429361,0.6703788677340623,0.45535168374389134,0.4300543679803419,0.4300543679803419,0.32886510492614374,0.32886510492614374,0.2909191312808195,0.26562181551726993,0.15178389458129712,0.17708121034484664,0.16443255246307187,0.08854060517242332,0.06324328940887379,0.08854060517242332,0.03794597364532428,0.03794597364532428,0.07589194729064856,0.02529731576354952,0.0,0.0,0.0,0.0,0.01264865788177476,0.01264865788177476,0.5,0.11170230455902491
1.01,expected,0.25,False,False,100,0,normal,0.3,1.2,1.6,0.5,0.3,0.057250423225601074,0.06610541476108905,0.07496040629657703,0.08381539783206501,0.09267038936755298,0.10152538090304097,0.11038037243852894,0.11923536397401692,0.1280903555095049,0.1369453470449929,0.14580033858048086,0.15465533011596883,0.1635103216514568,0.17236531318694479,0.18122030472243278,0.19007529625792075,0.1989302877934087,0.20778527932889668,0.2166402708643847,0.22549526239987266,0.23435025393536063,0.2432052454708486,0.2520602370063366,0.2609152285418246,0.26977022007731255,0.2786252116128005,0.2874802031482885,0.2963351946837765,0.30519018621926447,0.31404517775475244,0.32290016929024046,0.3317551608257284,0.3406101523612164,0.34946514389670436,0.3583201354321923,0.36717512696768034,0.3760301185031683,0.3848851100386563,0.39374010157414424,0.40259509310963226,0.41145008464512023,0.4203050761806082,0.42916006771609616,0.4380150592515841,0.44687005078707215,0.4557250423225601,0.4645800338580481,0.47343502539353605,0.482290016929024,0.49114500846451203,0.5,0.508854991535488,0.5177099830709759,0.5265649746064639,0.5354199661419519,0.5442749576774398,0.5531299492129278,0.5619849407484158,0.5708399322839037,0.5796949238193917,0.5885499153548798,0.5974049068903677,0.6062598984258557,0.6151148899613437,0.6239698814968316,0.6328248730323196,0.6416798645678076,0.6505348561032955,0.6593898476387835,0.6682448391742716,0.6770998307097595,0.6859548222452475,0.6948098137807355,0.7036648053162234,0.7125197968517114,0.7213747883871994,0.7302297799226873,0.7390847714581753,0.7479397629936634,0.7567947545291513,0.7656497460646393,0.7745047376001273,0.7833597291356152,0.7922147206711032,0.8010697122065912,0.8099247037420791,0.8187796952775671,0.8276346868130552,0.8364896783485432,0.8453446698840311,0.8541996614195191,0.863054652955007,0.871909644490495,0.880764636025983,0.889619627561471,0.8984746190969589,0.9073296106324469,0.916184602167935,0.9250395937034229,0.9338945852389109,0.9427495767743989,0.02258613113275872,0.0,0.0,0.0,0.0,0.011293065566379377,0.02258613113275872,0.0,0.011293065566379342,0.022586131132758754,0.04517226226551751,0.03387919669913814,0.033879196699138026,0.04517226226551737,0.06775839339827627,0.16939598349569066,0.18068904906207003,0.11293065566379307,0.23715437689396696,0.15810291792931128,0.12422372123017314,0.38396422925689644,0.3500850325577607,0.3839642292568988,0.41784342595603696,0.598532475018107,0.5985324750181032,0.5646532783189688,1.0728412288060407,1.0954273599387927,0.9712036387086264,1.2987025401336285,1.377753999098284,1.4680985236293191,1.6262014415586201,1.5358569170275953,2.100510195346564,2.123096326479323,2.4731813590370684,2.5861120147008774,2.811973326028465,2.8006802604620855,2.9023178505594998,3.3201612765155164,3.3427474076482957,3.173351424152605,3.26369594868364,3.850935358135368,3.3088682109491367,3.365333538781055,3.365333538781055,3.308868210949158,3.850935358135368,3.26369594868364,3.173351424152605,3.3427474076482957,3.320161276515537,2.9023178505594998,2.8006802604620855,2.8119733260284296,2.5861120147008774,2.4731813590370835,2.123096326479323,2.100510195346564,1.5358569170275953,1.6262014415586303,1.4680985236293191,1.377753999098284,1.298702540133612,0.9712036387086264,1.0954273599387996,1.0728412288060407,0.5646532783189688,0.598532475018107,0.598532475018107,0.41784342595603696,0.3839642292568988,0.3500850325577563,0.3839642292568988,0.12422372123017314,0.15810291792931128,0.23715437689396696,0.11293065566379377,0.18068904906207003,0.16939598349569066,0.06775839339827627,0.045172262265516946,0.03387919669913814,0.03387919669913814,0.04517226226551751,0.022586131132758754,0.011293065566379377,0.0,0.022586131132758754,0.011293065566379377,0.0,0.0,0.0,0.0,0.022586131132758754,0.5,0.11312605835819277
1.01,expected,0.25,False,False,100,0,normal,0.3,1.2,1.6,0.5,0.4,0.08522192285307667,0.09351748439601514,0.1018130459389536,0.11010860748189208,0.11840416902483054,0.126699730567769,0.1349952921107075,0.14329085365364597,0.15158641519658442,0.15988197673952287,0.16817753828246135,0.17647309982539983,0.1847686613683383,0.19306422291127676,0.20135978445421523,0.20965534599715369,0.21795090754009216,0.22624646908303064,0.2345420306259691,0.24283759216890757,0.251133153711846,0.2594287152547845,0.267724276797723,0.27601983834066146,0.2843153998835999,0.2926109614265384,0.30090652296947684,0.3092020845124153,0.3174976460553538,0.3257932075982922,0.33408876914123076,0.3423843306841692,0.35067989222710766,0.35897545377004614,0.3672710153129846,0.37556657685592304,0.3838621383988615,0.3921576999418,0.4004532614847385,0.40874882302767696,0.4170443845706154,0.42533994611355386,0.43363550765649234,0.4419310691994308,0.4502266307423693,0.4585221922853078,0.4668177538282462,0.4751133153711847,0.48340887691412315,0.49170443845706163,0.5000000000000001,0.5082955615429385,0.5165911230858771,0.5248866846288155,0.5331822461717539,0.5414778077146924,0.549773369257631,0.5580689308005693,0.5663644923435078,0.5746600538864464,0.5829556154293848,0.5912511769723232,0.5995467385152617,0.6078423000582003,0.6161378616011386,0.6244334231440771,0.6327289846870157,0.641024546229954,0.6493201077728925,0.657615669315831,0.6659112308587694,0.6742067924017079,0.6825023539446464,0.690797915487585,0.6990934770305233,0.7073890385734618,0.7156846001164003,0.7239801616593387,0.7322757232022772,0.7405712847452157,0.748866846288154,0.7571624078310926,0.7654579693740311,0.7737535309169696,0.782049092459908,0.7903446540028465,0.798640215545785,0.8069357770887233,0.8152313386316619,0.8235269001746004,0.8318224617175389,0.8401180232604772,0.8484135848034158,0.8567091463463543,0.8650047078892926,0.8733002694322312,0.8815958309751697,0.889891392518108,0.8981869540610465,0.9064825156039851,0.9147780771469234,0.012054639035873858,0.0,0.01205463903587384,0.0,0.0,0.0,0.01205463903587384,0.01205463903587388,0.02410927807174776,0.06027319517936919,0.03616391710762152,0.07232783421524304,0.10849175132286491,0.04821855614349536,0.10849175132286491,0.14465566843048608,0.15671030746635992,0.21698350264572983,0.2772566978250983,0.2772566978250992,0.32547525396859367,0.5062948395067012,0.5545133956501966,0.5062948395067046,0.6509505079371829,0.6750597860089395,0.8076608154035472,1.121081430336267,1.1090267913004006,1.253682459730871,1.350119572017879,1.567103074663599,1.494775240448356,1.7479226602017068,1.796141216345214,2.169835026457291,2.471201002354137,2.748457700179235,2.3144906948877773,2.3144906948877924,2.6640752269281185,2.7002391440357396,3.0016051199325857,3.134206149327198,3.2547525396859363,3.0739329541478497,3.387353569080549,3.218588622578315,3.3391350129370534,3.4355721252240445,3.435572125224067,3.3391350129370307,3.2185886225783364,3.3873535690805716,3.0739329541478084,3.2547525396859145,3.134206149327261,3.0016051199325657,2.700239144035722,2.6640752269281363,2.3144906948877924,2.3144906948877617,2.748457700179217,2.4712010023541864,2.1698350264572763,1.79614121634519,1.7479226602017417,1.494775240448346,1.5671030746635886,1.3501195720178971,1.253682459730871,1.1090267913003857,1.1210814303362595,0.8076608154035635,0.6750597860089305,0.6509505079371829,0.5062948395067114,0.5545133956501929,0.5062948395066978,0.32547525396860016,0.27725669782509643,0.27725669782509643,0.21698350264572763,0.15671030746636305,0.1446556684304851,0.10849175132286382,0.04821855614349632,0.10849175132286382,0.07232783421524255,0.03616391710762128,0.06027319517937041,0.024109278071747516,0.012054639035873758,0.01205463903587408,0.0,0.0,0.0,0.012054639035873758,0.0,0.01205463903587408,0.5,0.11458574827758532
1.01,expected,0.25,False,False,100,0,normal,0.3,1.2,1.6,0.75,0.1,0.16044662612350677,0.16723769360103663,0.1740287610785665,0.18081982855609635,0.18761089603362624,0.19440196351115607,0.20119303098868596,0.20798409846621582,0.21477516594374568,0.22156623342127554,0.2283573008988054,0.2351483683763353,0.24193943585386513,0.24873050333139501,0.2555215708089249,0.26231263828645474,0.26910370576398457,0.27589477324151446,0.28268584071904435,0.2894769081965742,0.296267975674104,0.3030590431516339,0.3098501106291638,0.3166411781066937,0.3234322455842235,0.33022331306175334,0.33701438053928323,0.3438054480168131,0.350596515494343,0.35738758297187284,0.3641786504494027,0.37096971792693256,0.37776078540446245,0.3845518528819923,0.3913429203595221,0.398133987837052,0.4049250553145819,0.4117161227921118,0.41850719026964156,0.42529825774717145,0.43208932522470134,0.4388803927022312,0.4456714601797611,0.4524625276572909,0.4592535951348208,0.46604466261235067,0.47283573008988056,0.47962679756741033,0.4864178650449402,0.4932089325224701,0.5,0.5067910674775299,0.5135821349550597,0.5203732024325896,0.5271642699101194,0.5339553373876493,0.5407464048651792,0.547537472342709,0.5543285398202389,0.5611196072977688,0.5679106747752987,0.5747017422528284,0.5814928097303583,0.5882838772078882,0.5950749446854181,0.601866012162948,0.6086570796404778,0.6154481471180077,0.6222392145955375,0.6290302820730674,0.6358213495505972,0.6426124170281271,0.649403484505657,0.6561945519831869,0.6629856194607168,0.6697766869382467,0.6765677544157764,0.6833588218933063,0.6901498893708362,0.6969409568483661,0.7037320243258959,0.7105230918034258,0.7173141592809557,0.7241052267584855,0.7308962942360154,0.7376873617135452,0.7444784291910751,0.751269496668605,0.7580605641461349,0.7648516316236648,0.7716426991011945,0.7784337665787244,0.7852248340562543,0.7920159015337842,0.798806969011314,0.8055980364888439,0.8123891039663738,0.8191801714439036,0.8259712389214335,0.8327623063989633,0.8395533738764932,0.014725225501127454,0.029450451002254907,0.029450451002254907,0.014725225501127395,0.02945045100225503,0.05890090200450958,0.014725225501127454,0.014725225501127454,0.08835135300676472,0.07362612750563727,0.08835135300676436,0.07362612750563757,0.05890090200450958,0.32395496102480265,0.16197748051240266,0.1914279315146577,0.32395496102480265,0.2503288335191657,0.2061531570157852,0.5595585690428455,0.4270315395326944,0.4712072160360766,0.6479099220496053,0.883513530067651,0.971864883074416,0.8687883045665163,1.119117138085682,1.0454910105800448,1.4136216481082415,1.2221937165935837,1.8112027366386694,1.6786757071285228,1.943729766148832,1.973180217151087,2.326585629178128,2.650540590202931,2.6652658157040583,3.2100991592458246,2.8272432962164595,2.989220776728861,3.10702258073788,3.4309775417626827,3.5046036692683775,3.5487793457717016,3.9316352088010142,3.769657728288613,4.064162238311227,4.167238816819053,4.181964042320179,4.167238816819053,4.167238816819053,4.1819640423202475,4.167238816819053,4.064162238311161,3.769657728288613,3.9316352088010142,3.54877934577176,3.50460366926832,3.4309775417626827,3.10702258073788,2.98922077672891,2.8272432962164595,3.2100991592457717,2.6652658157040583,2.650540590202931,2.326585629178166,1.973180217151071,1.943729766148816,1.6786757071285228,1.8112027366386991,1.2221937165935737,1.4136216481082298,1.0454910105800448,1.119117138085682,0.8687883045665163,0.971864883074424,0.8835135300676437,0.6479099220496053,0.4712072160360766,0.4270315395327014,0.559558569042841,0.20615315701578352,0.2503288335191657,0.32395496102480265,0.19142793151465926,0.16197748051240132,0.32395496102480265,0.05890090200450958,0.07362612750563698,0.0883513530067658,0.07362612750563698,0.08835135300676436,0.014725225501127395,0.014725225501127636,0.05890090200450958,0.02945045100225479,0.014725225501127395,0.02945045100225479,0.02945045100225527,0.014725225501127395,0.5,0.0967556375604525
1.01,expected,0.25,False,False,100,0,normal,0.3,1.2,1.6,0.75,0.2,0.10700735255873112,0.1148672055075565,0.12272705845638188,0.13058691140520726,0.13844676435403264,0.146306617302858,0.15416647025168337,0.16202632320050875,0.16988617614933413,0.1777460290981595,0.1856058820469849,0.19346573499581027,0.20132558794463562,0.20918544089346103,0.21704529384228638,0.22490514679111176,0.23276499973993714,0.24062485268876252,0.2484847056375879,0.25634455858641325,0.26420441153523866,0.272064264484064,0.27992411743288936,0.28778397038171477,0.2956438233305402,0.30350367627936553,0.3113635292281909,0.3192233821770163,0.32708323512584164,0.334943088074667,0.3428029410234924,0.3506627939723178,0.35852264692114316,0.3663824998699685,0.3742423528187939,0.3821022057676193,0.3899620587164447,0.39782191166527003,0.40568176461409544,0.4135416175629208,0.4214014705117462,0.42926132346057155,0.4371211764093969,0.4449810293582223,0.45284088230704767,0.4607007352558731,0.4685605882046984,0.47642044115352383,0.4842802941023492,0.49214014705117454,0.49999999999999994,0.5078598529488253,0.5157197058976507,0.523579558846476,0.5314394117953014,0.5392992647441268,0.5471591176929522,0.5550189706417776,0.5628788235906029,0.5707386765394283,0.5785985294882536,0.586458382437079,0.5943182353859044,0.6021780883347299,0.6100379412835553,0.6178977942323807,0.6257576471812059,0.6336175001300313,0.6414773530788567,0.6493372060276821,0.6571970589765075,0.6650569119253329,0.6729167648741583,0.6807766178229835,0.6886364707718089,0.6964963237206343,0.7043561766694597,0.7122160296182851,0.7200758825671105,0.7279357355159359,0.7357955884647613,0.7436554414135865,0.7515152943624119,0.7593751473112373,0.7672350002600627,0.7750948532088882,0.7829547061577136,0.790814559106539,0.7986744120553642,0.8065342650041896,0.814394117953015,0.8222539709018404,0.8301138238506658,0.8379736767994912,0.8458335297483166,0.8536933826971418,0.8615532356459672,0.8694130885947926,0.877272941543618,0.8851327944924434,0.8929926474412688,0.012722884340341833,0.0,0.0,0.0,0.0,0.0,0.012722884340341833,0.0381686530210255,0.0,0.025445768680683666,0.0381686530210255,0.05089153736136751,0.050891537361367145,0.03816865302102563,0.06361442170170915,0.11450595906307649,0.11450595906307649,0.1272288434034183,0.15267461208410252,0.1908432651051268,0.26718057114717947,0.2926263398278632,0.33079499284888647,0.4580238362523043,0.5979755639960682,0.5725297953153845,0.6743128700381148,1.030553631567692,0.928770556844957,1.4885774678199892,1.2086740123324697,1.2850113183745295,1.3359028557358972,1.7430351546268248,2.0229386101143585,2.1247216848370787,2.2519505282405126,2.5191310993876743,2.8117574392155547,2.7863116705348516,3.397010118871281,3.1679982007451275,3.384287234530915,3.765973764741196,3.575130499636042,3.8550339551235893,3.384287234530915,4.236720485333845,3.6387449213377767,3.4479016562326246,3.447901656232649,3.6387449213377514,4.236720485333875,3.384287234530915,3.8550339551235613,3.575130499636042,3.765973764741169,3.384287234530963,3.167998200745105,3.397010118871305,2.7863116705348516,2.811757439215535,2.5191310993876743,2.251950528240496,2.1247216848370787,2.022938610114401,1.7430351546268248,1.3359028557358876,1.2850113183745204,1.2086740123324697,1.4885774678199892,0.9287705568449505,1.0305536315677137,0.6743128700381148,0.5725297953153804,0.597975563996064,0.4580238362523043,0.33079499284888647,0.2926263398278611,0.2671805711471775,0.1908432651051322,0.15267461208410146,0.1272288434034179,0.11450595906307608,0.11450595906307608,0.06361442170170895,0.038168653021025366,0.05089153736136859,0.050891537361367145,0.038168653021025366,0.025445768680683573,0.0,0.038168653021025366,0.012722884340341786,0.0,0.0,0.0,0.0,0.0,0.012722884340341786,0.5,0.10000530974205786
1.01,expected,0.25,False,False,100,0,normal,0.3,1.2,1.6,0.75,0.3,0.13419792086110427,0.14151396244388217,0.1488300040266601,0.156146045609438,0.16346208719221594,0.17077812877499385,0.17809417035777175,0.18541021194054969,0.1927262535233276,0.2000422951061055,0.20735833668888343,0.21467437827166133,0.22199041985443924,0.22930646143721717,0.23662250301999507,0.24393854460277298,0.2512545861855509,0.25857062776832884,0.2658866693511067,0.27320271093388465,0.2805187525166626,0.28783479409944046,0.2951508356822184,0.3024668772649963,0.3097829188477742,0.31709896043055213,0.32441500201333007,0.33173104359610794,0.3390470851788859,0.3463631267616638,0.3536791683444417,0.3609952099272197,0.36831125150999755,0.3756272930927754,0.3829433346755534,0.3902593762583313,0.3975754178411092,0.4048914594238871,0.41220750100666503,0.41952354258944297,0.4268395841722209,0.4341556257549988,0.4414716673377767,0.44878770892055464,0.4561037505033325,0.46341979208611045,0.4707358336688884,0.47805187525166626,0.4853679168344442,0.4926839584172221,0.5,0.507316041582778,0.5146320831655559,0.5219481247483337,0.5292641663311117,0.5365802079138896,0.5438962494966675,0.5512122910794455,0.5585283326622233,0.5658443742450012,0.5731604158277792,0.5804764574105571,0.587792498993335,0.595108540576113,0.6024245821588908,0.6097406237416687,0.6170566653244467,0.6243727069072246,0.6316887484900024,0.6390047900727804,0.6463208316555583,0.6536368732383362,0.6609529148211142,0.6682689564038921,0.6755849979866699,0.6829010395694479,0.6902170811522258,0.6975331227350037,0.7048491643177817,0.7121652059005595,0.7194812474833375,0.7267972890661154,0.7341133306488933,0.7414293722316713,0.7487454138144491,0.756061455397227,0.763377496980005,0.7706935385627829,0.7780095801455608,0.7853256217283388,0.7926416633111166,0.7999577048938945,0.8072737464766725,0.8145897880594504,0.8219058296422282,0.8292218712250062,0.8365379128077841,0.843853954390562,0.85116999597334,0.8584860375561179,0.8658020791388957,0.027337187430810074,0.0,0.013668593715405037,0.027337187430809973,0.041005781146215114,0.013668593715405037,0.027337187430809973,0.013668593715405037,0.0683429685770252,0.04100578114621496,0.013668593715405037,0.1093487497232403,0.06834296857702493,0.09568015600783528,0.23236609316188564,0.15035453086945486,0.13668593715404986,0.23236609316188656,0.4100578114621496,0.36905203031593464,0.5740809360470138,0.4784007800391745,0.6287553109086295,0.75177265434728,0.7381040606318693,0.6834296857702493,0.7244354669164698,0.8747899977859191,1.1618304658094238,1.1071560909478122,1.4762081212637272,1.7222428081410412,1.7359114018564465,2.241649369326401,2.1459692133185992,2.433009681342088,2.419341087626701,2.5286898373499227,2.843067492804237,3.034427804819907,2.993422023673715,3.458154209997462,3.034427804819907,3.4034798351358675,3.389811241420437,3.7041888968747516,3.772531865451805,3.840874834028801,4.373949988929596,3.9775607711828815,3.977560771182821,4.373949988929629,3.840874834028831,3.7725318654517475,3.704188896874779,3.3898112414204626,3.4034798351358155,3.03442780481993,3.4581542099974882,2.9934220236736695,3.03442780481993,2.843067492804259,2.528689837349903,2.419341087626701,2.433009681342106,2.145969213318567,2.241649369326435,1.7359114018564465,1.722242808141015,1.47620812126375,1.1071560909478122,1.161830465809415,0.8747899977859259,0.7244354669164698,0.6834296857702441,0.738104060631875,0.75177265434728,0.6287553109086246,0.47840078003917813,0.574080936047005,0.3690520303159375,0.4100578114621527,0.232366093161883,0.13668593715405092,0.150354530869456,0.232366093161883,0.09568015600783564,0.06834296857702546,0.10934874972323907,0.013668593715405093,0.04100578114621527,0.06834296857702442,0.013668593715405093,0.027337187430810185,0.013668593715404884,0.04100578114621527,0.027337187430810185,0.013668593715404884,0.0,0.027337187430810185,0.5,0.10141135919448763
1.01,expected,0.25,False,False,100,0,normal,0.3,1.2,1.6,0.75,0.4,0.14955489693146493,0.15656379899283562,0.16357270105420632,0.17058160311557702,0.17759050517694774,0.1845994072383184,0.19160830929968914,0.19861721136105984,0.20562611342243053,0.21263501548380123,0.21964391754517193,0.22665281960654265,0.23366172166791332,0.24067062372928405,0.24767952579065475,0.25468842785202545,0.2616973299133961,0.26870623197476684,0.27571513403613757,0.28272403609750824,0.2897329381588789,0.29674184022024963,0.30375074228162036,0.3107596443429911,0.31776854640436175,0.3247774484657324,0.33178635052710315,0.33879525258847387,0.3458041546498446,0.35281305671121527,0.35982195877258594,0.36683086083395666,0.3738397628953274,0.38084866495669806,0.3878575670180687,0.39486646907943945,0.4018753711408102,0.4088842732021809,0.4158931752635515,0.42290207732492224,0.42991097938629297,0.4369198814476637,0.4439287835090344,0.45093768557040503,0.45794658763177576,0.4649554896931465,0.4719643917545172,0.4789732938158878,0.48598219587725855,0.4929910979386293,0.5,0.5070089020613707,0.5140178041227413,0.5210267061841121,0.5280356082454828,0.5350445103068535,0.5420534123682242,0.5490623144295949,0.5560712164909656,0.5630801185523363,0.570089020613707,0.5770979226750776,0.5841068247364484,0.5911157267978191,0.5981246288591898,0.6051335309205605,0.6121424329819312,0.6191513350433019,0.6261602371046726,0.6331691391660433,0.640178041227414,0.6471869432887847,0.6541958453501554,0.6612047474115261,0.6682136494728969,0.6752225515342676,0.6822314535956382,0.6892403556570089,0.6962492577183796,0.7032581597797504,0.710267061841121,0.7172759639024917,0.7242848659638624,0.7312937680252332,0.7383026700866039,0.7453115721479745,0.7523204742093452,0.759329376270716,0.7663382783320867,0.7733471803934574,0.780356082454828,0.7873649845161987,0.7943738865775695,0.8013827886389402,0.8083916907003108,0.8154005927616815,0.8224094948230523,0.829418396884423,0.8364272989457937,0.8434362010071643,0.850445103068535,0.028535139776355634,0.028535139776355634,0.014267569888177817,0.0,0.028535139776355748,0.028535139776355523,0.04280270966453346,0.05707027955271127,0.07133784944088908,0.21401354832266725,0.11414055910542209,0.15694326876995662,0.1426756988817776,0.22828111821084507,0.28535139776355634,0.19974597843449024,0.19974597843448866,0.3281541074280885,0.2853513977635575,0.34242167731626894,0.48509737619804394,0.6277730750798215,0.7561812040734213,0.7419136341852495,0.8132514836261389,0.9273920427315545,1.08433531150151,1.2698137200478208,1.5551651178113883,1.726375956469523,1.8262489456867534,1.540897547923198,2.0830652036739696,2.297078751996638,2.3826841713256863,2.4112193111020415,2.5396274400956416,2.5681625798720376,2.682303138977419,2.910584257188263,2.8677815475237303,3.0389923861818633,3.4527519129390725,3.0389923861818633,3.723835740814396,3.766638450478929,3.652497891373565,3.9806519988015956,3.8665114396961733,3.9235817192488844,3.9235817192488844,3.8665114396962346,3.9806519988015956,3.652497891373507,3.766638450478929,3.723835740814396,3.0389923861819113,3.4527519129390183,3.0389923861818633,2.8677815475237303,2.9105842571883094,2.682303138977419,2.568162579871997,2.5396274400956416,2.4112193111020415,2.382684171325724,2.2970787519966196,2.083065203673953,1.540897547923198,1.8262489456867825,1.7263759564695091,1.555165117811376,1.2698137200478208,1.08433531150151,0.9273920427315545,0.8132514836261453,0.7419136341852436,0.7561812040734213,0.6277730750798215,0.48509737619805154,0.34242167731626627,0.2853513977635552,0.3281541074280885,0.19974597843448866,0.19974597843449182,0.2853513977635552,0.22828111821084418,0.1426756988817776,0.15694326876995537,0.11414055910542391,0.21401354832266642,0.0713378494408888,0.057070279552711045,0.042802709664533964,0.028535139776355523,0.028535139776355523,0.0,0.014267569888177761,0.028535139776355977,0.028535139776355523,0.5,0.10364356785294085
1.01,expected,0.25,False,False,100,0,normal,0.3,1.2,1.6,1.0,0.1,0.15519222015789128,0.16208837575473345,0.16898453135157562,0.1758806869484178,0.18277684254525997,0.18967299814210214,0.19656915373894432,0.2034653093357865,0.21036146493262867,0.21725762052947084,0.22415377612631304,0.2310499317231552,0.2379460873199974,0.24484224291683954,0.25173839851368174,0.2586345541105239,0.2655307097073661,0.27242686530420823,0.27932302090105043,0.28621917649789264,0.2931153320947348,0.30001148769157693,0.30690764328841913,0.31380379888526133,0.3206999544821035,0.3275961100789456,0.3344922656757878,0.34138842127263,0.3482845768694722,0.3551807324663143,0.3620768880631565,0.3689730436599987,0.37586919925684087,0.382765354853683,0.3896615104505252,0.3965576660473674,0.40345382164420956,0.4103499772410517,0.4172461328378939,0.4241422884347361,0.4310384440315783,0.4379345996284204,0.4448307552252626,0.4517269108221048,0.458623066418947,0.4655192220157891,0.4724153776126313,0.4793115332094735,0.4862076888063157,0.4931038444031578,0.5,0.5068961555968422,0.5137923111936844,0.5206884667905265,0.5275846223873687,0.5344807779842109,0.5413769335810531,0.5482730891778952,0.5551692447747374,0.5620654003715796,0.5689615559684218,0.5758577115652639,0.5827538671621061,0.5896500227589483,0.5965461783557905,0.6034423339526327,0.6103384895494748,0.617234645146317,0.6241308007431592,0.6310269563400014,0.6379231119368435,0.6448192675336857,0.6517154231305279,0.65861157872737,0.6655077343242122,0.6724038899210544,0.6793000455178966,0.6861962011147387,0.6930923567115809,0.6999885123084231,0.7068846679052653,0.7137808235021074,0.7206769790989496,0.7275731346957918,0.734469290292634,0.7413654458894761,0.7482616014863183,0.7551577570831605,0.7620539126800027,0.7689500682768448,0.775846223873687,0.7827423794705292,0.7896385350673714,0.7965346906642135,0.8034308462610557,0.8103270018578979,0.8172231574547401,0.8241193130515823,0.8310154686484243,0.8379116242452666,0.8448077798421088,0.014500832905480135,0.014500832905480135,0.0,0.0,0.0,0.014500832905480135,0.0,0.07250416452740067,0.04350249871644041,0.0,0.07250416452740098,0.05800333162192031,0.05800333162192078,0.029001665810960156,0.08700499743288116,0.1305074961493207,0.15950916196028214,0.15950916196028087,0.2755158252041215,0.3045174910150841,0.3045174910150841,0.40602332135344216,0.4785274858808425,0.522029984597287,0.7250416452740097,0.8845508072342847,0.8700499743288046,0.7975458098014107,1.1890682982493759,1.4500832905480079,1.4065807918315676,1.7691016144685836,1.7400999486576232,2.1461232700110515,2.044617439672691,2.6101499229864347,2.6391515887973953,2.436139928120653,2.9001665810960158,3.117679074678217,3.465699064409794,3.9732282161015413,3.8862232186686603,3.9442265502905807,3.7267140567084396,3.8572215528577005,4.7852748588084255,4.321248205833063,4.20524154258929,4.408253203265944,4.408253203265944,4.2052415425892224,4.3212482058331325,4.7852748588084255,3.8572215528577005,3.72671405670838,3.9442265502906446,3.8862232186686603,3.9732282161015413,3.4656990644097387,3.1176790746782665,2.9001665810960158,2.436139928120653,2.639151588797374,2.610149922986414,2.0446174396727237,2.1461232700110515,1.7400999486576092,1.7691016144685694,1.40658079183159,1.4500832905480079,1.1890682982493663,0.7975458098014171,0.8700499743288046,0.8845508072342847,0.7250416452740039,0.5220299845972911,0.4785274858808425,0.40602332135344216,0.30451749101508163,0.3045174910150865,0.2755158252041215,0.15950916196028087,0.15950916196028087,0.13050749614932278,0.08700499743288047,0.029001665810960156,0.05800333162192031,0.05800333162192124,0.07250416452740038,0.0,0.043502498716440234,0.07250416452740155,0.0,0.014500832905480078,0.0,0.0,0.0,0.014500832905480078,0.014500832905480078,0.5,0.08992359180081162
1.01,expected,0.25,False,False,100,0,normal,0.3,1.2,1.6,1.0,0.2,0.16154592975907203,0.16831501116389058,0.17508409256870916,0.1818531739735277,0.18862225537834626,0.19539133678316484,0.2021604181879834,0.20892949959280194,0.21569858099762051,0.2224676624024391,0.22923674380725764,0.2360058252120762,0.24277490661689477,0.24954398802171332,0.25631306942653187,0.26308215083135045,0.269851232236169,0.27662031364098755,0.2833893950458061,0.29015847645062465,0.2969275578554432,0.3036966392602618,0.3104657206650804,0.31723480206989896,0.3240038834747175,0.330772964879536,0.3375420462843546,0.34431112768917316,0.35108020909399174,0.3578492904988103,0.36461837190362884,0.3713874533084474,0.37815653471326593,0.3849256161180845,0.3916946975229031,0.39846377892772167,0.40523286033254025,0.4120019417373587,0.4187710231421773,0.42554010454699587,0.43230918595181445,0.439078267356633,0.4458473487614516,0.4526164301662702,0.45938551157108864,0.4661545929759072,0.4729236743807258,0.4796927557855444,0.48646183719036296,0.49323091859518153,0.5,0.5067690814048186,0.5135381628096372,0.5203072442144557,0.5270763256192743,0.5338454070240929,0.5406144884289114,0.5473835698337299,0.5541526512385485,0.5609217326433671,0.5676908140481857,0.5744598954530042,0.5812289768578228,0.5879980582626413,0.5947671396674599,0.6015362210722784,0.608305302477097,0.6150743838819156,0.6218434652867342,0.6286125466915526,0.6353816280963712,0.6421507095011898,0.6489197909060084,0.655688872310827,0.6624579537156454,0.669227035120464,0.6759961165252826,0.6827651979301012,0.6895342793349197,0.6963033607397383,0.7030724421445569,0.7098415235493754,0.7166106049541939,0.7233796863590125,0.7301487677638311,0.7369178491686497,0.7436869305734682,0.7504560119782867,0.7572250933831053,0.7639941747879239,0.7707632561927424,0.777532337597561,0.7843014190023796,0.7910705004071981,0.7978395818120166,0.8046086632168352,0.8113777446216538,0.8181468260264724,0.824915907431291,0.8316849888361095,0.838454070240928,0.014773053243061208,0.014773053243061147,0.0,0.0,0.0,0.029546106486122416,0.07386526621530604,0.029546106486122294,0.04431915972918345,0.04431915972918363,0.05909221297224483,0.0886383194583669,0.07386526621530604,0.10341137270142847,0.3102341181042841,0.16250358567367262,0.1920496921597965,0.22159579864591725,0.2511419051320416,0.2806880116181618,0.41364549080571217,0.4431915972918345,0.5613760232363236,0.5022838102640832,0.8125179283683698,0.7386526621530574,0.9159293010697911,0.8125179283683631,1.3591208983616256,1.373893951604698,1.492078377549176,1.4625322710630657,2.0682274540285603,2.3193693591606004,2.2307310397022335,2.4227807318620282,2.8216531694247258,2.8659723291538626,2.7330148499663123,3.3682561394179413,3.0727950745567187,3.60462499130692,3.648944151036104,3.6932633107653476,4.446689026161406,3.811447736709776,4.328504600216916,4.343277653459977,4.417142919675284,4.786469250751891,4.7864692507518125,4.417142919675284,4.343277653459977,4.328504600216916,3.811447736709776,4.446689026161478,3.6932633107652872,3.648944151036104,3.60462499130692,3.0727950745567187,3.3682561394179413,2.7330148499663123,2.8659723291539096,2.821653169424679,2.4227807318620282,2.2307310397022335,2.3193693591606004,2.0682274540285603,1.4625322710630777,1.492078377549176,1.3738939516046869,1.3591208983616256,0.8125179283683631,0.9159293010698062,0.7386526621530574,0.8125179283683631,0.5022838102640791,0.5613760232363236,0.4431915972918345,0.41364549080571217,0.2806880116181664,0.25114190513203954,0.22159579864591725,0.19204969215979492,0.16250358567367262,0.3102341181042841,0.10341137270142974,0.07386526621530573,0.0886383194583669,0.05909221297224459,0.04431915972918345,0.04431915972918345,0.02954610648612278,0.07386526621530573,0.029546106486122294,0.0,0.0,0.0,0.014773053243061147,0.01477305324306139,0.5,0.09094497871761853
1.01,expected,0.25,False,False,100,0,normal,0.3,1.2,1.6,1.0,0.3,0.1112407114495755,0.11901589722058398,0.12679108299159247,0.13456626876260097,0.14234145453360947,0.15011664030461794,0.15789182607562643,0.16566701184663493,0.1734421976176434,0.1812173833886519,0.1889925691596604,0.1967677549306689,0.2045429407016774,0.2123181264726859,0.22009331224369436,0.22786849801470282,0.23564368378571132,0.24341886955671982,0.2511940553277283,0.2589692410987368,0.2667444268697453,0.2745196126407538,0.28229479841176225,0.29006998418277075,0.29784516995377924,0.30562035572478774,0.31339554149579624,0.32117072726680473,0.32894591303781323,0.33672109880882173,0.34449628457983017,0.35227147035083867,0.36004665612184716,0.36782184189285566,0.37559702766386416,0.38337221343487266,0.39114739920588115,0.3989225849768896,0.4066977707478981,0.4144729565189066,0.4222481422899151,0.4300233280609236,0.4377985138319321,0.4455736996029406,0.453348885373949,0.4611240711449575,0.468899256915966,0.4766744426869745,0.484449628457983,0.4922248142289915,0.5,0.5077751857710086,0.515550371542017,0.5233255573130254,0.531100743084034,0.5388759288550424,0.546651114626051,0.5544263003970594,0.562201486168068,0.5699766719390764,0.5777518577100849,0.5855270434810934,0.5933022292521019,0.6010774150231104,0.6088526007941188,0.6166277865651273,0.6244029723361358,0.6321781581071443,0.6399533438781528,0.6477285296491613,0.6555037154201698,0.6632789011911783,0.6710540869621868,0.6788292727331953,0.6866044585042037,0.6943796442752123,0.7021548300462207,0.7099300158172293,0.7177052015882377,0.7254803873592462,0.7332555731302547,0.7410307589012631,0.7488059446722717,0.7565811304432801,0.7643563162142887,0.7721315019852971,0.7799066877563057,0.7876818735273141,0.7954570592983226,0.8032322450693311,0.8110074308403395,0.8187826166113481,0.8265578023823565,0.8343329881533651,0.8421081739243735,0.8498833596953821,0.8576585454663905,0.865433731237399,0.8732089170084075,0.880984102779416,0.8887592885504245,0.02572285806285744,0.0,0.0,0.0,0.0,0.012861429031428695,0.012861429031428695,0.012861429031428742,0.0,0.012861429031428695,0.02572285806285739,0.03858428709428609,0.02572285806285739,0.012861429031428742,0.07716857418857247,0.12861429031428698,0.02572285806285739,0.15433714837714435,0.15433714837714435,0.12861429031428698,0.21864429353428785,0.20578286450286065,0.34725858384857483,0.3086742967542887,0.3729814419114322,0.3987042999742896,0.5659028773828627,0.6945171676971497,0.9774686063885809,0.7974085999485849,0.9388843192942948,1.0546371805771533,1.6719857740857307,1.4919257676457287,2.0578286450285916,2.212165793405736,2.250750080500038,2.5980086643485967,2.7009000966000265,3.0224358223857437,3.279664403014318,3.125327254637173,3.6140615578314637,3.536892983642917,3.6655072739571786,4.102795861025754,3.987042999742896,4.450054444874329,4.321440154560042,4.488638731968615,4.488638731968583,4.321440154560073,4.450054444874361,3.987042999742868,4.1027958610257835,3.6655072739571524,3.536892983642917,3.6140615578314375,3.1253272546371957,3.2796644030143414,3.0224358223857224,2.7009000966000456,2.598008664348578,2.250750080500038,2.2121657934057515,2.0578286450285765,1.4919257676457396,1.6719857740857187,1.0546371805771606,0.9388843192942883,0.7974085999485849,0.977468606388574,0.6945171676971545,0.5659028773828667,0.3987042999742868,0.3729814419114349,0.30867429675428654,0.3472585838485773,0.20578286450285768,0.2186442935342894,0.1286142903142879,0.15433714837714327,0.15433714837714546,0.02572285806285721,0.1286142903142879,0.07716857418857163,0.01286142903142879,0.02572285806285758,0.03858428709428582,0.02572285806285758,0.012861429031428605,0.0,0.012861429031428605,0.01286142903142879,0.012861429031428605,0.0,0.0,0.0,0.0,0.02572285806285721,0.5,0.09221028748851585
1.01,expected,0.25,False,False,100,0,normal,0.3,1.2,1.6,1.0,0.4,0.14563350719655963,0.15272083705262843,0.15980816690869723,0.16689549676476606,0.17398282662083486,0.18107015647690367,0.18815748633297247,0.19524481618904127,0.20233214604511007,0.20941947590117888,0.21650680575724768,0.22359413561331648,0.2306814654693853,0.2377687953254541,0.24485612518152292,0.25194345503759175,0.25903078489366055,0.26611811474972935,0.27320544460579815,0.28029277446186696,0.28738010431793576,0.29446743417400456,0.30155476403007336,0.30864209388614217,0.315729423742211,0.32281675359827977,0.32990408345434863,0.3369914133104174,0.34407874316648623,0.35116607302255504,0.35825340287862384,0.36534073273469264,0.37242806259076144,0.37951539244683025,0.38660272230289905,0.39369005215896785,0.40077738201503665,0.4078647118711055,0.41495204172717426,0.4220393715832431,0.42912670143931186,0.4362140312953807,0.44330136115144947,0.4503886910075183,0.4574760208635871,0.46456335071965593,0.4716506805757248,0.47873801043179354,0.4858253402878624,0.49291267014393114,0.5,0.5070873298560687,0.5141746597121376,0.5212619895682064,0.5283493194242752,0.535436649280344,0.5425239791364128,0.5496113089924816,0.5566986388485504,0.5637859687046193,0.570873298560688,0.5779606284167569,0.5850479582728256,0.5921352881288945,0.5992226179849632,0.6063099478410321,0.6133972776971008,0.6204846075531697,0.6275719374092384,0.6346592672653073,0.641746597121376,0.6488339269774449,0.6559212568335138,0.6630085866895825,0.6700959165456514,0.6771832464017201,0.684270576257789,0.6913579061138578,0.6984452359699266,0.7055325658259954,0.7126198956820642,0.719707225538133,0.7267945553942018,0.7338818852502706,0.7409692151063394,0.7480565449624083,0.755143874818477,0.7622312046745459,0.7693185345306146,0.7764058643866835,0.7834931942427523,0.7905805240988211,0.7976678539548899,0.8047551838109587,0.8118425136670275,0.8189298435230963,0.8260171733791651,0.8331045032352339,0.8401918330913027,0.8472791629473715,0.8543664928034403,0.014109686162606232,0.0,0.0,0.0,0.0,0.0,0.014109686162606232,0.014109686162606232,0.05643874465042493,0.014109686162606232,0.028219372325212464,0.0,0.0846581169756374,0.1693162339512748,0.04232905848781853,0.1269871754634561,0.183425920113881,0.183425920113881,0.23986466476430596,0.3386324679025496,0.366851840227762,0.606716504992068,0.6490455634798866,0.5926068188294571,0.57849713266686,0.9030199144067917,0.8042521112685614,1.030007089870247,1.030007089870255,1.3263104992849857,1.3545298716101983,1.7778204564883855,1.6931623395127477,1.7637107703257788,2.257549786016997,2.2716594721796035,2.455085392293465,2.9489244079847254,3.118240641935953,3.0335825249603636,3.160569700423771,3.442763423675948,3.7249571469280163,3.668518402277649,3.9648218116923197,4.289344593432261,3.880163694716744,3.8801636947166838,4.035370242505413,4.430441455058322,4.430441455058392,4.035370242505351,3.880163694716744,3.8801636947166838,4.289344593432328,3.9648218116923197,3.668518402277649,3.7249571469280163,3.4427634236758937,3.1605697004238205,3.033582524960316,3.118240641936002,2.9489244079846793,2.4550853922935034,2.2716594721795857,2.2575497860170146,1.763710770325765,1.693162339512761,1.7778204564883713,1.3545298716102088,1.3263104992849755,1.030007089870247,1.030007089870263,0.8042521112685489,0.903019914406806,0.578497132666851,0.5926068188294571,0.6490455634798917,0.6067165049920633,0.3668518402277649,0.3386324679025469,0.23986466476430782,0.1834259201138796,0.18342592011388245,0.1269871754634551,0.042329058487819024,0.16931623395127346,0.08465811697563805,0.0,0.028219372325212242,0.014109686162606343,0.056438744650424484,0.014109686162606343,0.014109686162606121,0.0,0.0,0.0,0.0,0.0,0.014109686162606121,0.5,0.09389169473007111
1.01,expected,0.25,False,False,100,0,normal,0.3,1.2,1.6,1.25,0.1,0.18700015685305493,0.19326015371599384,0.19952015057893274,0.20578014744187165,0.21204014430481055,0.21830014116774943,0.22456013803068833,0.23082013489362724,0.23708013175656614,0.24334012861950505,0.24960012548244395,0.25586012234538286,0.26212011920832173,0.26838011607126067,0.27464011293419954,0.2809001097971384,0.28716010666007735,0.2934201035230163,0.29968010038595516,0.30594009724889404,0.31220009411183297,0.31846009097477185,0.3247200878377108,0.33098008470064966,0.33724008156358853,0.34350007842652747,0.3497600752894664,0.3560200721524053,0.36228006901534415,0.36854006587828303,0.37480006274122196,0.3810600596041609,0.38732005646709977,0.39358005333003865,0.3998400501929776,0.4061000470559165,0.4123600439188554,0.41862004078179427,0.42488003764473314,0.4311400345076721,0.437400031370611,0.4436600282335499,0.44992002509648876,0.4561800219594277,0.46244001882236657,0.4687000156853055,0.4749600125482444,0.4812200094111833,0.4874800062741222,0.49374000313706107,0.5,0.5062599968629389,0.5125199937258778,0.5187799905888166,0.5250399874517556,0.5312999843146945,0.5375599811776334,0.5438199780405724,0.5500799749035112,0.5563399717664501,0.562599968629389,0.5688599654923279,0.5751199623552667,0.5813799592182057,0.5876399560811446,0.5938999529440835,0.6001599498070225,0.6064199466699614,0.6126799435329002,0.6189399403958391,0.625199937258778,0.6314599341217169,0.6377199309846558,0.6439799278475947,0.6502399247105336,0.6564999215734726,0.6627599184364115,0.6690199152993503,0.6752799121622892,0.6815399090252281,0.6877999058881671,0.694059902751106,0.7003198996140448,0.7065798964769837,0.7128398933399226,0.7190998902028616,0.7253598870658005,0.7316198839287393,0.7378798807916782,0.7441398776546171,0.7503998745175561,0.756659871380495,0.7629198682434338,0.7691798651063727,0.7754398619693117,0.7816998588322506,0.7879598556951894,0.7942198525581283,0.8004798494210672,0.8067398462840062,0.8129998431469451,0.015974448899811845,0.0,0.015974448899811845,0.0,0.0,0.0,0.015974448899811845,0.015974448899811845,0.03194889779962369,0.07987224449905925,0.07987224449905925,0.04792334669943575,0.04792334669943533,0.06389779559924767,0.06389779559924767,0.143770040098306,0.1916933867977413,0.191693386797743,0.23961673349717877,0.3833867735954826,0.5111823647939814,0.6709268537920946,0.36741232469567414,0.591054609293041,0.8146968938904006,0.8785946894896477,1.0383391784877747,1.2300325652855177,1.3258792586843893,1.501598196582307,1.2619814630851305,1.5974448899811917,1.980831663576678,1.9968061124764722,2.2204483970738367,2.492014028370659,2.8274774552667097,2.891375250865957,3.4345065134595316,3.338659820060661,3.6421743491571172,4.153356713951099,4.31310120294918,4.345050100748842,4.488820140847109,4.520769038646773,5.000002505641086,4.776360221043763,4.904155812242259,5.12779809683958,5.1277980968396255,4.904155812242259,4.776360221043763,5.000002505641041,4.520769038646773,4.488820140847149,4.3450501007487645,4.313101202949218,4.153356713951099,3.6421743491571172,3.338659820060691,3.4345065134595623,2.891375250865906,2.8274774552667097,2.492014028370659,2.220448397073817,1.9968061124764895,1.980831663576678,1.5974448899811917,1.2619814630851416,1.5015981965823202,1.3258792586843655,1.2300325652855177,1.0383391784877747,0.8785946894896398,0.8146968938904078,0.591054609293041,0.36741232469567414,0.6709268537921005,0.5111823647939723,0.383386773595486,0.23961673349717877,0.191693386797743,0.191693386797743,0.1437700400983047,0.06389779559924767,0.06389779559924767,0.04792334669943575,0.04792334669943575,0.07987224449905818,0.0798722444990596,0.031948897799623836,0.015974448899811918,0.015974448899811634,0.0,0.0,0.0,0.015974448899811918,0.0,0.015974448899811918,0.5,0.08145404441809352
1.01,expected,0.25,False,False,100,0,normal,0.3,1.2,1.6,1.25,0.2,0.19116517666197663,0.1973418731287371,0.20351856959549758,0.20969526606225802,0.2158719625290185,0.22204865899577897,0.22822535546253944,0.23440205192929991,0.24057874839606036,0.24675544486282083,0.2529321413295813,0.25910883779634175,0.26528553426310225,0.2714622307298627,0.2776389271966232,0.28381562366338364,0.2899923201301441,0.2961690165969046,0.30234571306366503,0.30852240953042553,0.314699105997186,0.3208758024639464,0.3270524989307069,0.3332291953974674,0.33940589186422787,0.3455825883309883,0.35175928479774876,0.35793598126450926,0.36411267773126976,0.3702893741980302,0.37646607066479065,0.3826427671315511,0.3888194635983116,0.3949961600650721,0.40117285653183254,0.407349552998593,0.41352624946535343,0.41970294593211394,0.42587964239887444,0.4320563388656349,0.4382330353323953,0.4444097317991558,0.4505864282659163,0.4567631247326767,0.4629398211994372,0.46911651766619766,0.47529321413295816,0.4814699105997186,0.4876466070664791,0.49382330353323955,0.5,0.5061766964667604,0.5123533929335209,0.5185300894002814,0.5247067858670419,0.5308834823338023,0.5370601788005629,0.5432368752673233,0.5494135717340838,0.5555902682008442,0.5617669646676047,0.5679436611343651,0.5741203576011256,0.5802970540678861,0.5864737505346466,0.592650447001407,0.5988271434681676,0.605003839934928,0.6111805364016885,0.6173572328684489,0.6235339293352093,0.6297106258019698,0.6358873222687302,0.6420640187354908,0.6482407152022512,0.6544174116690117,0.6605941081357722,0.6667708046025327,0.6729475010692931,0.6791241975360536,0.685300894002814,0.6914775904695745,0.697654286936335,0.7038309834030955,0.7100076798698559,0.7161843763366164,0.7223610728033768,0.7285377692701374,0.7347144657368978,0.7408911622036582,0.7470678586704187,0.7532445551371791,0.7594212516039397,0.7655979480707001,0.7717746445374606,0.777951341004221,0.7841280374709816,0.790304733937742,0.7964814304045025,0.8026581268712629,0.8088348233380234,0.016189884113319168,0.016189884113319168,0.016189884113319238,0.0,0.032379768226638336,0.016189884113319168,0.0,0.016189884113319238,0.016189884113319168,0.0485696523399575,0.032379768226638475,0.11332918879323366,0.0809494205665962,0.06475953645327637,0.17808872524651162,0.19427860935983085,0.24284826169978638,0.24284826169978854,0.4047471028329773,0.24284826169978854,0.6314054804194503,0.6961650168727209,0.6152155963061255,0.6475953645327696,0.9713930467991542,0.7771144374393234,1.0685323514790601,1.3761401496321228,1.2142413084989427,1.570418758991966,1.7970771365784357,2.1370647029581202,2.3475331964312685,2.2018242394114163,2.477052269337843,2.477052269337843,2.9141791403974366,2.817039835717522,3.270356590890486,3.707483461950105,4.128420448896369,3.772242998403383,4.096040680669767,4.419838362936113,4.419838362936152,4.096040680669731,4.322699058256236,4.257939521802921,5.261712336828753,4.4845978993894295,4.4845978993894295,5.261712336828753,4.257939521802883,4.322699058256236,4.096040680669767,4.419838362936073,4.419838362936152,4.096040680669767,3.772242998403383,4.128420448896406,3.707483461950105,3.270356590890486,2.817039835717497,2.914179140397463,2.477052269337843,2.4770522693377988,2.2018242394114163,2.3475331964312898,2.1370647029581393,1.7970771365784357,1.570418758991966,1.2142413084989427,1.3761401496321104,1.0685323514790697,0.7771144374393234,0.9713930467991367,0.6475953645327696,0.615215596306131,0.6961650168727272,0.6314054804194503,0.24284826169978854,0.40474710283297366,0.24284826169978854,0.24284826169978854,0.19427860935983085,0.17808872524651162,0.06475953645327578,0.0809494205665962,0.11332918879323467,0.032379768226638475,0.04856965233995771,0.016189884113318946,0.016189884113319238,0.0,0.016189884113319238,0.03237976822663789,0.0,0.016189884113319238,0.016189884113319238,0.016189884113319238,0.5,0.0841918540192674
1.01,expected,0.25,False,False,100,0,normal,0.3,1.2,1.6,1.25,0.3,0.19108717870103978,0.197265435127019,0.20344369155299818,0.2096219479789774,0.2158002044049566,0.2219784608309358,0.228156717256915,0.23433497368289422,0.24051323010887343,0.24669148653485262,0.2528697429608318,0.259047999386811,0.26522625581279025,0.27140451223876944,0.2775827686647486,0.28376102509072787,0.28993928151670706,0.29611753794268625,0.3022957943686655,0.3084740507946447,0.3146523072206239,0.3208305636466031,0.32700882007258225,0.3331870764985615,0.33936533292454074,0.3455435893505199,0.3517218457764991,0.3579001022024783,0.3640783586284575,0.37025661505443674,0.37643487148041593,0.3826131279063951,0.38879138433237437,0.39496964075835356,0.40114789718433275,0.407326153610312,0.4135044100362911,0.41968266646227037,0.42586092288824956,0.43203917931422875,0.438217435740208,0.44439569216618724,0.4505739485921664,0.4567522050181456,0.46293046144412475,0.469108717870104,0.47528697429608324,0.4814652307220624,0.4876434871480416,0.49382174357402087,0.5,0.5061782564259792,0.5123565128519585,0.5185347692779376,0.5247130257039169,0.530891282129896,0.5370695385558752,0.5432477949818545,0.5494260514078336,0.5556043078338129,0.5617825642597921,0.5679608206857713,0.5741390771117505,0.5803173335377297,0.5864955899637089,0.5926738463896881,0.5988521028156674,0.6050303592416465,0.6112086156676257,0.6173868720936049,0.6235651285195841,0.6297433849455634,0.6359216413715425,0.6420998977975217,0.648278154223501,0.6544564106494801,0.6606346670754594,0.6668129235014386,0.6729911799274177,0.679169436353397,0.6853476927793761,0.6915259492053554,0.6977042056313346,0.7038824620573138,0.710060718483293,0.7162389749092721,0.7224172313352514,0.7285954877612306,0.7347737441872098,0.740952000613189,0.7471302570391682,0.7533085134651474,0.7594867698911266,0.7656650263171059,0.771843282743085,0.7780215391690642,0.7841997955950435,0.7903780520210226,0.7965563084470019,0.802734564872981,0.8089128212989602,0.016185796299989376,0.0,0.04855738889996813,0.01618579629998945,0.016185796299989376,0.0323715925999789,0.0647431851999575,0.0,0.09711477779993669,0.0323715925999789,0.14567216669990501,0.06474318519995721,0.1618579629998945,0.1294863703999156,0.21041535189986094,0.19422955559987337,0.22660114819985228,0.2913443333998075,0.3722733148997573,0.501759685299673,0.6312460556995828,0.48557388899968784,0.6150602593995935,0.8902187964994116,0.760732426099511,1.0844483520992834,1.262492111399177,1.2463063150991875,1.650951222598909,1.6833228151989028,1.4567216669990504,2.023224537498663,1.6509512225989238,2.1527109078985966,2.6868421857982243,2.670656389498283,2.7839569635981603,3.269530852597869,3.140044482197953,3.7551047415975183,4.062634871297315,3.933148500897471,4.030263278697337,4.143563852797336,4.143563852797262,4.111192260197283,4.143563852797336,4.920482075196748,4.305421815797155,4.612951945497034,4.612951945496952,4.305421815797155,4.920482075196836,4.143563852797262,4.111192260197357,4.143563852797262,4.143563852797262,4.030263278697409,3.9331485008974005,4.062634871297315,3.755104741597586,3.1400444821979248,3.269530852597839,2.78395696359821,2.670656389498235,2.6868421857982243,2.1527109078986157,1.650951222598909,2.0232245374986992,1.4567216669990373,1.6833228151988875,1.6509512225989387,1.2463063150991764,1.2624921113991656,1.0844483520993027,0.7607324260994973,0.8902187964994116,0.6150602593996045,0.48557388899967907,0.6312460556995942,0.5017596852996684,0.372273314899754,0.2913443333998127,0.22660114819985025,0.19422955559987512,0.21041535189986094,0.12948637039991442,0.16185796299989594,0.06474318519995721,0.14567216669990374,0.03237159259997919,0.09711477779993583,0.0,0.06474318519995838,0.032371592599978606,0.016185796299989303,0.016185796299989594,0.04855738889996791,0.0,0.016185796299989303,0.5,0.08673456930131943
1.01,expected,0.25,False,False,100,0,normal,0.3,1.2,1.6,1.25,0.4,0.15014040203061702,0.15713759399000468,0.16413478594939232,0.17113197790878,0.17812916986816765,0.18512636182755532,0.19212355378694296,0.19912074574633062,0.2061179377057183,0.21311512966510593,0.2201123216244936,0.22710951358388126,0.2341067055432689,0.2411038975026566,0.24810108946204423,0.25509828142143187,0.26209547338081957,0.2690926653402072,0.2760898572995949,0.28308704925898254,0.2900842412183702,0.2970814331777578,0.3040786251371455,0.3110758170965332,0.31807300905592084,0.3250702010153085,0.3320673929746961,0.33906458493408376,0.34606177689347145,0.35305896885285915,0.3600561608122468,0.3670533527716344,0.37405054473102206,0.38104773669040976,0.3880449286497974,0.3950421206091851,0.4020393125685727,0.40903650452796037,0.41603369648734806,0.4230308884467357,0.43002808040612334,0.43702527236551103,0.44402246432489867,0.4510196562842863,0.458016848243674,0.46501404020306164,0.47201123216244933,0.479008424121837,0.4860056160812246,0.4930028080406123,0.49999999999999994,0.5069971919593876,0.5139943839187753,0.5209915758781629,0.5279887678375506,0.5349859597969382,0.5419831517563258,0.5489803437157135,0.5559775356751012,0.5629747276344889,0.5699719195938766,0.5769691115532642,0.5839663035126519,0.5909634954720395,0.5979606874314272,0.6049578793908148,0.6119550713502024,0.6189522633095901,0.6259494552689777,0.6329466472283655,0.6399438391877531,0.6469410311471409,0.6539382231065285,0.6609354150659161,0.6679326070253038,0.6749297989846914,0.681926990944079,0.6889241829034667,0.6959213748628543,0.702918566822242,0.7099157587816296,0.7169129507410175,0.7239101427004051,0.7309073346597927,0.7379045266191804,0.744901718578568,0.7518989105379557,0.7588961024973433,0.7658932944567309,0.7728904864161186,0.7798876783755062,0.7868848703348938,0.7938820622942817,0.8008792542536693,0.807876446213057,0.8148736381724446,0.8218708301318323,0.8288680220912199,0.8358652140506075,0.8428624060099952,0.8498595979693829,0.014291447280624717,0.0,0.0,0.028582894561249433,0.014291447280624717,0.028582894561249548,0.014291447280624717,0.0,0.014291447280624774,0.0714572364031236,0.04287434184187415,0.042874341841874324,0.014291447280624661,0.042874341841874324,0.08574868368374865,0.0714572364031233,0.20008026192874684,0.057165789122498645,0.20008026192874684,0.2143717092093716,0.2143717092093716,0.3144118401737425,0.3858690765768658,0.4859092075412423,0.5430749966637414,0.6859894694699892,0.7145723640312387,0.8431953895568549,1.014692756924351,1.2433559134143555,1.4434361753431022,1.5006019644656012,1.7864309100780826,1.88647104104247,2.386671695864318,2.9154552452474536,2.4295460377062112,2.8011236670024333,3.1869927435793244,2.8868723506862044,3.401364452788669,3.9873137912943117,3.644319056559317,4.187394053223025,4.43034865699368,3.844399318488034,4.244559842345558,4.344599973309931,4.430348656993645,4.115936816819935,4.115936816819902,4.43034865699368,4.344599973309931,4.244559842345558,3.8443993184880645,4.43034865699368,4.187394053223059,3.6443190565592594,3.9873137912943117,3.4013644527886417,2.8868723506862044,3.1869927435793244,2.8011236670024555,2.4295460377062112,2.9154552452474536,2.3866716958643375,1.88647104104247,1.7864309100780966,1.5006019644655775,1.4434361753431022,1.2433559134143355,1.014692756924359,0.8431953895568617,0.7145723640312387,0.6859894694699892,0.5430749966637414,0.4859092075412423,0.38586907657686886,0.314411840173745,0.2143717092093716,0.21437170920936477,0.20008026192874684,0.057165789122499096,0.20008026192874684,0.07145723640312386,0.08574868368374865,0.042874341841874324,0.014291447280624774,0.042874341841874324,0.042874341841874324,0.07145723640312386,0.01429144728062432,0.0,0.014291447280624774,0.028582894561249548,0.014291447280624774,0.028582894561249548,0.0,0.0,0.014291447280624547,0.5,0.08791415501411111
1.01,expected,0.25,False,False,100,0,normal,0.3,1.2,1.6,1.5,0.1,0.1848588103007823,0.19116163409476666,0.197464457888751,0.20376728168273536,0.21007010547671973,0.21637292927070406,0.22267575306468843,0.2289785768586728,0.23528140065265712,0.24158422444664146,0.24788704824062582,0.2541898720346102,0.2604926958285945,0.26679551962257886,0.27309834341656325,0.2794011672105476,0.2857039910045319,0.2920068147985163,0.29830963859250065,0.304612462386485,0.3109152861804694,0.3172181099744537,0.32352093376843805,0.32982375756242244,0.3361265813564068,0.3424294051503911,0.3487322289443755,0.35503505273835984,0.36133787653234417,0.36764070032632856,0.3739435241203129,0.38024634791429723,0.3865491717082816,0.39285199550226596,0.3991548192962503,0.4054576430902347,0.41176046688421897,0.41806329067820336,0.42436611447218775,0.43066893826617203,0.4369717620601564,0.4432745858541408,0.4495774096481251,0.4558802334421095,0.4621830572360939,0.46848588103007816,0.47478870482406255,0.48109152861804694,0.4873943524120312,0.4936971762060156,0.5,0.5063028237939843,0.5126056475879687,0.5189084713819531,0.5252112951759373,0.5315141189699217,0.5378169427639061,0.5441197665578904,0.5504225903518748,0.5567254141458591,0.5630282379398435,0.5693310617338279,0.5756338855278121,0.5819367093217965,0.5882395331157809,0.5945423569097652,0.6008451807037496,0.607148004497734,0.6134508282917183,0.6197536520857027,0.626056475879687,0.6323592996736713,0.6386621234676557,0.6449649472616401,0.6512677710556244,0.6575705948496088,0.6638734186435932,0.6701762424375775,0.6764790662315618,0.6827818900255462,0.6890847138195305,0.6953875376135149,0.7016903614074993,0.7079931852014836,0.714296008995468,0.7205988327894524,0.7269016565834366,0.733204480377421,0.7395073041714054,0.7458101279653897,0.7521129517593741,0.7584157755533585,0.7647185993473428,0.7710214231413272,0.7773242469353115,0.7836270707292958,0.7899298945232802,0.7962327183172646,0.8025355421112489,0.8088383659052333,0.8151411896992177,0.01586590443722122,0.0,0.0,0.0,0.0,0.0,0.0,0.01586590443722129,0.01586590443722129,0.03173180887444244,0.03173180887444244,0.01586590443722129,0.03173180887444258,0.04759771331166345,0.03173180887444258,0.09519542662332774,0.11106133106054807,0.07932952218610645,0.20625675768387677,0.3490498976188653,0.23798856655831938,0.3014521843072045,0.41251351536774994,0.49184303755386,0.6505020819260728,1.0788815017310383,0.7932952218610645,0.9995519795449412,0.9836860751077112,1.634188157033793,1.3486018771638097,1.5231268259732305,1.745249488094342,2.014969863527104,2.697203754327596,2.2212266212110006,2.9351923208859128,3.0145218430720186,3.0779854608209574,3.17318088744423,4.061671535928614,4.426587337984779,4.045805631491393,4.442453242421922,4.537648669045329,5.092955324347989,5.442005221966855,4.33139191136145,5.394407508655192,5.140553037659653,5.1405530376597435,5.394407508655192,4.331391911361374,5.442005221966951,5.092955324347989,4.537648669045249,4.442453242422001,4.045805631491393,4.426587337984779,4.061671535928614,3.17318088744423,3.0779854608209574,3.0145218430720186,2.9351923208859128,2.2212266212110006,2.697203754327596,2.014969863527086,1.7452494880943574,1.5231268259732305,1.348601877163798,1.6341881570338073,0.9836860751077112,0.9995519795449325,0.7932952218610715,1.0788815017310383,0.6505020819260672,0.4918430375538644,0.41251351536774994,0.3014521843072019,0.23798856655832146,0.3490498976188653,0.20625675768387497,0.07932952218610714,0.11106133106054807,0.0951954266233269,0.031731808874442866,0.04759771331166345,0.0317318088744423,0.015865904437221433,0.0317318088744423,0.0317318088744423,0.015865904437221433,0.01586590443722115,0.0,0.0,0.0,0.0,0.0,0.0,0.01586590443722115,0.5,0.07722580176059039
1.01,expected,0.25,False,False,100,0,normal,0.3,1.2,1.6,1.5,0.2,0.18240141389145825,0.1887533856136291,0.19510535733579992,0.20145732905797076,0.2078093007801416,0.21416127250231243,0.22051324422448326,0.2268652159466541,0.23321718766882493,0.23956915939099577,0.2459211311131666,0.25227310283533744,0.25862507455750827,0.2649770462796791,0.27132901800184994,0.2776809897240208,0.2840329614461916,0.29038493316836245,0.2967369048905333,0.3030888766127041,0.30944084833487495,0.3157928200570458,0.3221447917792166,0.32849676350138746,0.3348487352235583,0.3412007069457291,0.34755267866789996,0.3539046503900708,0.36025662211224163,0.36660859383441247,0.3729605655565833,0.37931253727875414,0.38566450900092497,0.3920164807230958,0.39836845244526664,0.4047204241674375,0.4110723958896083,0.41742436761177915,0.42377633933395,0.4301283110561208,0.4364802827782917,0.44283225450046254,0.4491842262226334,0.4555361979448042,0.46188816966697505,0.4682401413891459,0.4745921131113167,0.48094408483348755,0.4872960565556584,0.4936480282778292,0.5,0.506351971722171,0.5127039434443417,0.5190559151665126,0.5254078868886833,0.5317598586108543,0.538111830333025,0.544463802055196,0.5508157737773667,0.5571677454995376,0.5635197172217083,0.5698716889438793,0.57622366066605,0.582575632388221,0.5889276041103917,0.5952795758325626,0.6016315475547334,0.6079835192769043,0.614335490999075,0.620687462721246,0.6270394344434167,0.6333914061655876,0.6397433778877584,0.6460953496099293,0.6524473213321,0.658799293054271,0.6651512647764417,0.6715032364986127,0.6778552082207834,0.6842071799429543,0.6905591516651252,0.696911123387296,0.7032630951094668,0.7096150668316377,0.7159670385538085,0.7223190102759793,0.7286709819981502,0.735022953720321,0.7413749254424918,0.7477268971646627,0.7540788688868335,0.7604308406090043,0.7667828123311752,0.773134784053346,0.7794867557755168,0.7858387274976877,0.7921906992198585,0.7985426709420294,0.8048946426642002,0.811246614386371,0.8175985861085419,0.01574314313317255,0.0,0.0,0.0,0.0,0.0,0.0314862862663451,0.0314862862663451,0.0314862862663451,0.0,0.0,0.0944588587990353,0.0314862862663451,0.14168828819855295,0.04722942939951765,0.17317457446489803,0.11020200193220785,0.17317457446489803,0.2204040038644157,0.26763343326393335,0.2833765763971059,0.3306060057966235,0.5195237233946942,0.488037437128349,0.7399277272591099,0.976074874256698,0.9603317311235257,1.086276876188906,1.149249448721596,1.1649925918547688,1.6687731721162906,1.747488887782153,2.109581179845122,2.0623517504456044,2.5503891875739533,2.6763343326393336,2.298498897443192,3.08565605410182,3.494977775564306,3.7783543519613794,3.2430874854335454,3.7468680656950673,3.7153817794287223,4.833144941883973,4.345107504755624,4.817401798750801,4.659970367419075,5.242466663346459,4.423823220421487,5.148007804547469,5.148007804547334,4.423823220421564,5.2424666633463675,4.659970367419157,4.8174017987507165,4.3451075047557,4.833144941883888,3.7153817794287867,3.746868065695002,3.243087485433602,3.7783543519613465,3.494977775564367,3.085656054101766,2.2984988974432325,2.6763343326392866,2.5503891875739977,2.0623517504455684,2.1095811798451587,1.7474888877821224,1.6687731721163197,1.1649925918547483,1.1492494487216163,1.086276876188887,0.9603317311235423,0.9760748742566812,0.7399277272591228,0.4880374371283406,0.5195237233947032,0.33060600579661775,0.2833765763971059,0.26763343326393335,0.2204040038644157,0.17317457446489803,0.11020200193220785,0.17317457446489803,0.04722942939951765,0.14168828819855295,0.0314862862663451,0.0944588587990353,0.0,0.0,0.0314862862663451,0.0314862862663451,0.0314862862663451,0.0,0.0,0.0,0.0,0.0,0.01574314313317255,0.5,0.08082831990669477
1.01,expected,0.25,False,False,100,0,normal,0.3,1.2,1.6,1.5,0.3,0.1716057988884342,0.17817368291066552,0.1847415669328968,0.19130945095512814,0.19787733497735946,0.20444521899959078,0.21101310302182208,0.2175809870440534,0.22414887106628473,0.23071675508851602,0.23728463911074735,0.24385252313297867,0.25042040715520997,0.2569882911774413,0.2635561751996726,0.27012405922190397,0.27669194324413526,0.28325982726636656,0.28982771128859786,0.2963955953108292,0.3029634793330605,0.30953136335529186,0.31609924737752315,0.32266713139975445,0.32923501542198574,0.3358028994442171,0.34237078346644845,0.34893866748867974,0.35550655151091104,0.36207443553314234,0.3686423195553737,0.375210203577605,0.38177808759983634,0.38834597162206763,0.39491385564429893,0.4014817396665302,0.4080496236887616,0.4146175077109929,0.4211853917332242,0.4277532757554555,0.4343211597776868,0.44088904379991817,0.44745692782214946,0.45402481184438076,0.4605926958666121,0.4671605798888434,0.47372846391107476,0.48029634793330606,0.48686423195553735,0.4934321159777687,0.5,0.5065678840222313,0.5131357680444626,0.519703652066694,0.5262715360889252,0.5328394201111566,0.5394073041333879,0.5459751881556192,0.5525430721778506,0.5591109562000818,0.5656788402223132,0.5722467242445445,0.5788146082667758,0.5853824922890072,0.5919503763112384,0.5985182603334698,0.6050861443557011,0.6116540283779324,0.6182219124001637,0.624789796422395,0.6313576804446264,0.6379255644668577,0.644493448489089,0.6510613325113203,0.6576292165335516,0.664197100555783,0.6707649845780141,0.6773328686002456,0.6839007526224768,0.6904686366447081,0.6970365206669394,0.7036044046891708,0.7101722887114021,0.7167401727336334,0.7233080567558647,0.729875940778096,0.7364438248003273,0.7430117088225587,0.74957959284479,0.7561474768670213,0.7627153608892526,0.7692832449114839,0.7758511289337153,0.7824190129559466,0.7889868969781779,0.7955547810004092,0.8021226650226405,0.8086905490448718,0.8152584330671032,0.8218263170893345,0.8283942011115658,0.030451207622276724,0.015225603811138426,0.0,0.015225603811138362,0.0,0.030451207622276853,0.0,0.030451207622276724,0.0,0.015225603811138362,0.030451207622276724,0.13703043430024583,0.0761280190556915,0.015225603811138426,0.10657922667796808,0.106579226677969,0.24360966097821482,0.13703043430024583,0.24360966097821274,0.35018888765618383,0.31973768003390424,0.41109130290073753,0.25883526478935326,0.5328961333898449,0.609024152445532,0.7765057943680532,0.9439874362905825,1.0201154553462746,1.1875970972687973,1.0962434744019574,1.5986884001695347,1.7052676268474893,1.781395645903196,1.964102891636857,2.4665478174044253,2.5122246288378194,2.6949318745714788,3.0451207622276852,3.3800840460727306,2.923315931738578,3.5780168956175005,3.6998217261066375,3.7150473299177764,4.2936202747409995,4.324071482363314,4.628583558586042,4.613357954774943,4.537229935719251,5.039674861486777,4.887418823375435,4.887418823375435,5.039674861486819,4.537229935719175,4.613357954775021,4.628583558586003,4.324071482363314,4.293620274741036,3.715047329917713,3.6998217261067,3.57801689561747,2.923315931738578,3.3800840460727306,3.0451207622276337,2.694931874571547,2.5122246288377976,2.4665478174044253,1.964102891636857,1.781395645903196,1.705267626847504,1.5986884001695079,1.0962434744019667,1.1875970972687973,1.0201154553462746,0.9439874362905825,0.7765057943680467,0.6090241524455473,0.5328961333898359,0.25883526478935326,0.41109130290073753,0.31973768003390696,0.3501888876561779,0.24360966097821482,0.13703043430024583,0.24360966097821482,0.106579226677969,0.106579226677969,0.015225603811138168,0.07612801905569214,0.13703043430024583,0.030451207622276853,0.015225603811138426,0.0,0.030451207622276853,0.0,0.030451207622276853,0.0,0.015225603811138426,0.0,0.015225603811138426,0.030451207622276853,0.5,0.08392625840416885
1.01,expected,0.25,False,False,100,0,normal,0.3,1.2,1.6,1.5,0.4,0.20143290462244148,0.20740424652999265,0.21337558843754384,0.219346930345095,0.22531827225264617,0.23128961416019733,0.2372609560677485,0.2432322979752997,0.24920363988285085,0.25517498179040204,0.2611463236979532,0.2671176656055044,0.27308900751305554,0.2790603494206067,0.28503169132815787,0.2910030332357091,0.2969743751432602,0.3029457170508114,0.3089170589583626,0.31488840086591374,0.3208597427734649,0.32683108468101607,0.3328024265885673,0.3387737684961184,0.3447451104036696,0.3507164523112207,0.35668779421877195,0.3626591361263231,0.3686304780338743,0.37460181994142544,0.3805731618489766,0.3865445037565278,0.39251584566407893,0.39848718757163015,0.40445852947918126,0.4104298713867325,0.41640121329428365,0.4223725552018348,0.42834389710938603,0.43431523901693714,0.44028658092448836,0.44625792283203947,0.4522292647395907,0.4582006066471418,0.464171948554693,0.47014329046224423,0.47611463236979534,0.48208597427734656,0.48805731618489767,0.4940286580924489,0.5,0.5059713419075512,0.5119426838151023,0.5179140257226535,0.5238853676302048,0.5298567095377559,0.5358280514453071,0.5417993933528582,0.5477707352604094,0.5537420771679605,0.5597134190755118,0.565684760983063,0.5716561028906141,0.5776274447981653,0.5835987867057164,0.5895701286132676,0.5955414705208187,0.60151281242837,0.6074841543359211,0.6134554962434723,0.6194268381510235,0.6253981800585746,0.6313695219661258,0.6373408638736769,0.6433122057812282,0.6492835476887793,0.6552548895963305,0.6612262315038817,0.6671975734114328,0.673168915318984,0.6791402572265351,0.6851115991340864,0.6910829410416375,0.6970542829491887,0.7030256248567398,0.708996966764291,0.7149683086718421,0.7209396505793934,0.7269109924869446,0.7328823343944957,0.7388536763020469,0.744825018209598,0.7507963601171492,0.7567677020247003,0.7627390439322516,0.7687103858398027,0.7746817277473539,0.7806530696549051,0.7866244115624562,0.7925957534700074,0.7985670953775585,0.016746654528949894,0.016746654528949814,0.016746654528949894,0.0,0.016746654528949894,0.0,0.016746654528949814,0.03349330905789979,0.05023996358684944,0.03349330905789979,0.16746654528949895,0.06698661811579958,0.13397323623159915,0.06698661811579958,0.16746654528949736,0.2679464724632008,0.23445316340529634,0.3349330905789979,0.41866636322374734,0.40191970869479743,0.4689063268105971,0.4019197086947937,0.6363728721001018,0.8540793809764365,1.1722658170265035,1.088532544381733,1.122025853439643,1.2225057806133421,1.4737055985475906,1.6076788347791897,1.858878652713421,1.7751453800687054,2.428264906697712,2.5287448338714573,2.6459714155740586,2.9139178880372816,3.2823442876741793,3.0311444697399024,3.1818643605005095,3.667517341839993,3.701010650897961,4.002450432418987,4.119677014121712,4.638823304519078,4.102930359592686,4.588583340932313,4.5718366864032784,4.605329995461264,4.756049886221725,4.823036504337614,4.823036504337525,4.756049886221814,4.605329995461178,4.5718366864032784,4.588583340932313,4.102930359592686,4.638823304519163,4.119677014121635,4.002450432419062,3.7010106508978917,3.667517341839993,3.1818643605005095,3.0311444697399024,3.28234428767421,2.9139178880372545,2.6459714155741074,2.5287448338714102,2.428264906697757,1.7751453800686723,1.858878652713421,1.6076788347792048,1.4737055985475769,1.2225057806133537,1.1220258534396323,1.0885325443817533,1.1722658170264817,0.8540793809764365,0.6363728721001018,0.4019197086947937,0.46890632681060135,0.4019197086947937,0.4186663632237512,0.33493309057899473,0.23445316340530067,0.2679464724631958,0.16746654528950047,0.06698661811579895,0.1339732362315979,0.0669866181158002,0.16746654528949736,0.0334933090579001,0.050239963586849214,0.0334933090579001,0.016746654528949738,0.0,0.016746654528949738,0.0,0.01674665452895005,0.016746654528949738,0.01674665452895005,0.5,0.08265518123043782
