pct_total,game_mode,win_value_underdog,blind_combo_0,blind_combo_1,level_0,level_1,lognormal,pct_high_mean,high_low_ratio_mean,high_low_ratio_variance,mean_variance_ratio,pct_high_sigma,0,1,2,3,4,5,6,7,8,9,10,11,12,13,14,15,16,17,18,19,20,21,22,23,24,25,26,27,28,29,30,31,32,33,34,35,36,37,38,39,40,41,42,43,44,45,46,47,48,49,50,51,52,53,54,55,56,57,58,59,60,61,62,63,64,65,66,67,68,69,70,71,72,73,74,75,76,77,78,79,80,81,82,83,84,85,86,87,88,89,90,91,92,93,94,95,96,97,98,99,100,101,102,103,104,105,106,107,108,109,110,111,112,113,114,115,116,117,118,119,120,121,122,123,124,125,126,127,128,129,130,131,132,133,134,135,136,137,138,139,140,141,142,143,144,145,146,147,148,149,150,151,152,153,154,155,156,157,158,159,160,161,162,163,164,165,166,167,168,169,170,171,172,173,174,175,176,177,178,179,180,181,182,183,184,185,186,187,188,189,190,191,192,193,194,195,196,197,198,199,200,mean,std
1.05,expected,0.025,False,False,100,100,normal,0.2,2.0,1.2,0.5,0.1,0.1725843180163505,0.17913263165602347,0.18568094529569648,0.19222925893536946,0.19877757257504244,0.20532588621471543,0.21187419985438843,0.21842251349406142,0.2249708271337344,0.2315191407734074,0.2380674544130804,0.24461576805275337,0.2511640816924264,0.25771239533209933,0.26426070897177234,0.27080902261144535,0.2773573362511183,0.2839056498907913,0.29045396353046427,0.2970022771701373,0.3035505908098103,0.3100989044494833,0.31664721808915625,0.3231955317288292,0.3297438453685022,0.3362921590081752,0.3428404726478482,0.34938878628752124,0.3559370999271942,0.36248541356686714,0.36903372720654015,0.37558204084621316,0.38213035448588617,0.3886786681255591,0.39522698176523213,0.4017752954049051,0.4083236090445781,0.4148719226842511,0.4214202363239241,0.42796854996359707,0.4345168636032701,0.44106517724294303,0.44761349088261604,0.45416180452228905,0.460710118161962,0.467258431801635,0.47380674544130796,0.480355059080981,0.486903372720654,0.49345168636032694,0.49999999999999994,0.5065483136396729,0.5130966272793459,0.5196449409190189,0.5261932545586919,0.5327415681983649,0.5392898818380378,0.545838195477711,0.5523865091173839,0.5589348227570569,0.5654831363967299,0.5720314500364028,0.5785797636760759,0.5851280773157488,0.5916763909554218,0.5982247045950948,0.6047730182347677,0.6113213318744408,0.6178696455141137,0.6244179591537867,0.6309662727934597,0.6375145864331326,0.6440629000728058,0.6506112137124787,0.6571595273521517,0.6637078409918247,0.6702561546314977,0.6768044682711707,0.6833527819108436,0.6899010955505167,0.6964494091901896,0.7029977228298625,0.7095460364695356,0.7160943501092085,0.7226426637488816,0.7291909773885545,0.7357392910282277,0.7422876046679006,0.7488359183075735,0.7553842319472466,0.7619325455869195,0.7684808592265926,0.7750291728662655,0.7815774865059384,0.7881258001456115,0.7946741137852844,0.8012224274249575,0.8077707410646304,0.8143190547043033,0.8208673683439764,0.8274156819836495,0.015271107265563709,0.0,0.0,0.0,0.0,0.015271107265563643,0.015271107265563709,0.030542214531127418,0.030542214531127286,0.015271107265563709,0.10689775085894596,0.06108442906225457,0.15271107265563774,0.1374399653900728,0.12216885812450914,0.18325328718676528,0.15271107265563644,0.24433771624902037,0.3054221453112729,0.32069325257683656,0.36650657437352746,0.5497598615602959,0.473404325232477,0.41231989617021836,0.7024709342159277,1.0537064013238915,1.068977508589455,1.2980441175729207,1.359128546635176,1.160604152182837,1.3896707611662915,1.6187373701497463,2.1226839099133645,2.30593719710011,2.3364794116312573,2.5502749133491283,2.9320525949882197,2.9473237022537835,3.1458480967061373,3.252745847565056,3.130576989440574,3.5428968856107654,4.0010301035776745,3.741421280063125,4.963109861308184,4.107927854436655,4.73404325232473,4.459163321544584,4.321723356154548,4.39807889248233,4.398078892482367,4.321723356154512,4.459163321544584,4.73404325232473,4.10792785443662,4.9631098613082685,3.7414212800630295,4.001030103577743,3.5428968856107654,3.1305769894405473,3.2527458475651114,3.1458480967060574,2.9473237022538337,2.9320525949882197,2.5502749133491283,2.3364794116312773,2.3059371971000715,2.1226839099133823,1.6187373701497463,1.3896707611662915,1.1606041521828567,1.3591285466351413,1.2980441175729318,1.068977508589455,1.0537064013238915,0.7024709342159277,0.41231989617021836,0.473404325232481,0.5497598615602819,0.3665065743735337,0.32069325257684195,0.3054221453112677,0.24433771624902248,0.15271107265563386,0.18325328718676684,0.12216885812450708,0.1374399653900751,0.15271107265563902,0.06108442906225354,0.10689775085894733,0.015271107265563385,0.03054221453112781,0.03054221453112781,0.015271107265563385,0.015271107265563905,0.0,0.0,0.0,0.0,0.015271107265563643,0.5,0.0874966537717462
1.05,expected,0.025,False,False,100,100,normal,0.2,2.0,1.2,0.5,0.2,0.113632839317527,0.12136018253117646,0.12908752574482593,0.1368148689584754,0.14454221217212485,0.1522695553857743,0.15999689859942376,0.16772424181307322,0.1754515850267227,0.18317892824037213,0.19090627145402161,0.19863361466767107,0.20636095788132053,0.21408830109496998,0.22181564430861944,0.22954298752226893,0.23727033073591836,0.24499767394956784,0.25272501716321727,0.26045236037686675,0.2681797035905162,0.27590704680416567,0.28363439001781515,0.2913617332314646,0.29908907644511407,0.3068164196587635,0.314543762872413,0.3222711060860624,0.3299984492997119,0.3377257925133614,0.3454531357270108,0.3531804789406603,0.3609078221543097,0.3686351653679592,0.37636250858160863,0.3840898517952581,0.39181719500890755,0.39954453822255703,0.40727188143620646,0.41499922464985595,0.4227265678635054,0.43045391107715486,0.43818125429080435,0.4459085975044538,0.45363594071810326,0.4613632839317527,0.4690906271454022,0.4768179703590516,0.4845453135727011,0.49227265678635057,0.5,0.5077273432136495,0.515454686427299,0.5231820296409484,0.5309093728545978,0.5386367160682474,0.5463640592818968,0.5540914024955462,0.5618187457091958,0.5695460889228452,0.5772734321364946,0.585000775350144,0.5927281185637936,0.600455461777443,0.6081828049910925,0.6159101482047419,0.6236374914183914,0.6313648346320408,0.6390921778456903,0.6468195210593397,0.6545468642729892,0.6622742074866387,0.6700015507002881,0.6777288939139376,0.6854562371275871,0.6931835803412365,0.7009109235548859,0.7086382667685355,0.7163656099821849,0.7240929531958343,0.7318202964094838,0.7395476396231333,0.7472749828367827,0.7550023260504322,0.7627296692640817,0.7704570124777311,0.7781843556913806,0.78591169890503,0.7936390421186795,0.801366385332329,0.8090937285459784,0.8168210717596279,0.8245484149732774,0.8322757581869268,0.8400031014005762,0.8477304446142258,0.8554577878278752,0.8631851310415246,0.8709124742551742,0.8786398174688236,0.886367160682473,0.012941058425276307,0.0,0.0,0.0,0.0,0.0,0.012941058425276307,0.012941058425276262,0.012941058425276352,0.012941058425276262,0.012941058425276307,0.06470529212638154,0.025882116850552615,0.025882116850552615,0.025882116850552524,0.06470529212638176,0.09058740897693383,0.05176423370110541,0.07764635055165757,0.1423516426780399,0.2717622269308015,0.37529069433301154,0.27176222693080343,0.3882317527582878,0.4141138696088433,0.4529370448846691,0.621170804413265,0.7117582133901943,0.5694065707121555,0.8152866807924103,0.9964614987462721,1.281164784102359,1.2164594919759686,1.4623396020562278,1.539985952607875,2.19997993229698,2.031746172768373,2.3552726334002965,2.627034860331081,3.222323547893812,2.97644343781354,3.532908950100419,3.998787053410393,3.8564354107323258,3.947022819709288,4.102315520812574,4.72348632522587,4.4258419814444805,4.309372455616995,4.361136689318132,4.3611366893180685,4.309372455617026,4.425841981444513,4.72348632522587,4.102315520812545,3.947022819709288,3.8564354107323533,3.998787053410336,3.532908950100445,2.9764434378135616,3.222323547893812,2.627034860331062,2.3552726334002965,2.0317461727683876,2.19997993229698,1.539985952607864,1.4623396020562278,1.2164594919759772,1.281164784102359,0.996461498746265,0.8152866807924103,0.5694065707121596,0.7117582133901892,0.621170804413265,0.4529370448846724,0.4141138696088433,0.38823175275828503,0.27176222693080343,0.37529069433301426,0.27176222693080343,0.14235164267803785,0.07764635055165812,0.05176423370110541,0.09058740897693317,0.06470529212638176,0.025882116850552705,0.025882116850552705,0.025882116850552337,0.06470529212638176,0.012941058425276352,0.012941058425276169,0.012941058425276352,0.012941058425276352,0.012941058425276352,0.0,0.0,0.0,0.0,0.0,0.012941058425276352,0.5,0.08973521543647202
1.05,expected,0.025,False,False,100,100,normal,0.2,2.0,1.2,0.5,0.3,0.17343989365278495,0.17997109577972925,0.18650229790667355,0.19303350003361786,0.19956470216056216,0.20609590428750646,0.21262710641445076,0.21915830854139506,0.22568951066833937,0.23222071279528367,0.23875191492222797,0.24528311704917227,0.2518143191761166,0.2583455213030609,0.2648767234300052,0.2714079255569495,0.2779391276838938,0.2844703298108381,0.2910015319377824,0.2975327340647267,0.304063936191671,0.3105951383186153,0.3171263404455596,0.3236575425725039,0.3301887446994482,0.3367199468263925,0.3432511489533368,0.3497823510802811,0.3563135532072254,0.3628447553341697,0.369375957461114,0.3759071595880583,0.3824383617150026,0.3889695638419469,0.3955007659688912,0.4020319680958355,0.4085631702227798,0.41509437234972413,0.42162557447666843,0.42815677660361273,0.43468797873055703,0.44121918085750134,0.44775038298444564,0.45428158511138994,0.46081278723833424,0.46734398936527854,0.47387519149222285,0.48040639361916715,0.48693759574611145,0.49346879787305575,0.5,0.5065312021269444,0.5130624042538887,0.519593606380833,0.5261248085077772,0.5326560106347216,0.5391872127616659,0.5457184148886102,0.5522496170155544,0.5587808191424988,0.5653120212694431,0.5718432233963874,0.5783744255233316,0.584905627650276,0.5914368297772203,0.5979680319041646,0.6044992340311088,0.6110304361580532,0.6175616382849975,0.6240928404119418,0.630624042538886,0.6371552446658304,0.6436864467927748,0.650217648919719,0.6567488510466633,0.6632800531736076,0.669811255300552,0.6763424574274963,0.6828736595544405,0.6894048616813848,0.6959360638083292,0.7024672659352735,0.7089984680622177,0.715529670189162,0.7220608723161064,0.7285920744430507,0.7351232765699949,0.7416544786969392,0.7481856808238836,0.754716882950828,0.7612480850777721,0.7677792872047164,0.7743104893316608,0.7808416914586052,0.7873728935855493,0.7939040957124937,0.800435297839438,0.8069664999663824,0.8134977020933265,0.8200289042202709,0.8265601063472151,0.030622234025632935,0.015311117012816467,0.0,0.015311117012816467,0.0459333510384494,0.0,0.06124446805126587,0.0459333510384494,0.030622234025632935,0.0459333510384494,0.06124446805126587,0.0918667020768988,0.12248893610253174,0.07655558506408233,0.16842228714098115,0.2143556381794305,0.19904452116661409,0.19904452116661409,0.2909112232435129,0.3674668083075952,0.3674668083075952,0.5358890954485763,0.6430669145382916,0.5512002124613928,0.7655558506408233,0.7655558506408233,1.0564670738843362,1.1330226589484185,1.3626894141406656,1.4698672332303808,1.3167560631022162,1.7760895734867104,2.0057563286789573,1.9751340946533245,2.174178615819938,2.526334307114717,2.7100677112685148,3.108156753601743,3.1387789876273757,3.1387789876273757,3.85840148722975,4.134001593460446,3.751223668140035,4.179934944498895,3.5215569129477875,4.532090635793674,4.394290582678326,4.103379359434814,4.761757390985921,4.715824039947512,4.715824039947432,4.761757390985881,4.1033793594348476,4.394290582678364,4.532090635793636,3.5215569129477573,4.179934944498931,3.751223668140066,4.134001593460411,3.858401487229717,3.138778987627403,3.138778987627403,3.1081567536017163,2.7100677112684917,2.5263343071147384,2.1741786158199568,1.9751340946533074,2.0057563286789404,1.7760895734867252,1.3167560631022275,1.4698672332303684,1.362689414140654,1.1330226589484282,1.0564670738843451,0.7655558506408169,0.7655558506408169,0.5512002124613882,0.643066914538308,0.5358890954485718,0.3674668083075921,0.3674668083075921,0.29091122324352026,0.1990445211666124,0.1990445211666124,0.2143556381794287,0.16842228714098545,0.07655558506408168,0.1224889361025307,0.09186670207689802,0.061244468051267424,0.04593335103844901,0.030622234025632675,0.04593335103844901,0.061244468051267424,0.0,0.04593335103844901,0.015311117012816337,0.0,0.015311117012816337,0.030622234025633195,0.5,0.08825008629102435
1.05,expected,0.025,False,False,100,100,normal,0.2,2.0,1.2,0.5,0.4,0.11525049348017691,0.12294548361057336,0.13064047374096982,0.1383354638713663,0.14603045400176276,0.15372544413215922,0.16142043426255567,0.16911542439295213,0.1768104145233486,0.18450540465374504,0.19220039478414153,0.19989538491453798,0.20759037504493444,0.21528536517533092,0.22298035530572735,0.23067534543612384,0.2383703355665203,0.24606532569691675,0.2537603158273132,0.2614553059577097,0.26915029608810614,0.2768452862185026,0.28454027634889906,0.29223526647929554,0.29993025660969197,0.30762524674008845,0.31532023687048494,0.32301522700088137,0.3307102171312778,0.3384052072616743,0.34610019739207076,0.3537951875224672,0.3614901776528637,0.36918516778326016,0.3768801579136566,0.3845751480440531,0.3922701381744495,0.399965128304846,0.40766011843524247,0.4153551085656389,0.4230500986960354,0.4307450888264318,0.4384400789568283,0.4461350690872248,0.4538300592176212,0.4615250493480177,0.4692200394784141,0.4769150296088106,0.48461001973920703,0.4923050098696035,0.5,0.5076949901303964,0.5153899802607929,0.5230849703911893,0.5307799605215858,0.5384749506519824,0.5461699407823788,0.5538649309127752,0.5615599210431717,0.5692549111735681,0.5769499013039646,0.584644891434361,0.5923398815647576,0.600034871695154,0.6077298618255504,0.6154248519559469,0.6231198420863434,0.6308148322167398,0.6385098223471363,0.6462048124775327,0.6538998026079292,0.6615947927383257,0.6692897828687221,0.6769847729991186,0.6846797631295151,0.6923747532599115,0.700069743390308,0.7077647335207045,0.7154597236511009,0.7231547137814973,0.7308497039118939,0.7385446940422903,0.7462396841726867,0.7539346743030833,0.7616296644334797,0.7693246545638761,0.7770196446942726,0.7847146348246691,0.7924096249550655,0.8001046150854619,0.8077996052158585,0.8154945953462549,0.8231895854766513,0.8308845756070479,0.8385795657374443,0.8462745558678407,0.8539695459982372,0.8616645361286337,0.8693595262590301,0.8770545163894266,0.8847495065198231,0.012995468259924573,0.012995468259924573,0.0,0.0,0.012995468259924573,0.03898640477977372,0.012995468259924573,0.0,0.0,0.025990936519849055,0.012995468259924573,0.012995468259924573,0.03898640477977358,0.03898640477977386,0.06497734129962263,0.03898640477977372,0.07797280955954744,0.11695921433932158,0.1169592143393199,0.16894108737902006,0.16894108737902006,0.2988957699782641,0.2599093651984905,0.27290483345841704,0.3898640477977358,0.5068232621370565,0.6627688812561556,0.7667326273355526,1.013646524274113,0.8447054368950941,1.0526329290538943,1.260560421212679,1.3645241672920752,1.7543882150898236,1.9623157072486035,2.014297580288316,2.0142975802883014,2.0142975802883014,2.5860981837249994,3.079925977602113,3.170894255421607,3.430803620620075,3.8076722001578864,3.794676731897989,3.950622351017056,4.652377637053014,4.366477335334641,4.314495462294974,4.132558906656,4.262513589255245,4.262513589255275,4.132558906656029,4.314495462294974,4.36647733533461,4.652377637052947,3.9506223510170844,3.794676731897989,3.807672200157914,3.4308036206200994,3.170894255421562,3.079925977602135,2.586098183724962,2.014297580288316,2.014297580288316,2.014297580288316,1.9623157072485893,1.7543882150898236,1.3645241672920851,1.2605604212126882,1.052632929053879,0.8447054368951004,1.0136465242741204,0.7667326273355415,0.6627688812561556,0.5068232621370602,0.389864047797733,0.27290483345841704,0.2599093651984924,0.2988957699782663,0.16894108737901764,0.16894108737902006,0.11695921433932158,0.1169592143393199,0.07797280955954772,0.03898640477977386,0.06497734129962217,0.03898640477977386,0.03898640477977386,0.012995468259924621,0.012995468259924434,0.025990936519849243,0.0,0.0,0.012995468259924621,0.03898640477977386,0.012995468259924621,0.0,0.0,0.012995468259924621,0.012995468259924434,0.5,0.09111257357535661
1.05,expected,0.025,False,False,100,100,normal,0.2,2.0,1.2,0.75,0.1,0.20882441106803118,0.21464792284667056,0.22047143462530994,0.22629494640394932,0.2321184581825887,0.23794196996122807,0.24376548173986745,0.24958899351850683,0.2554125052971462,0.2612360170757856,0.26705952885442497,0.27288304063306434,0.2787065524117037,0.2845300641903431,0.2903535759689825,0.29617708774762186,0.30200059952626124,0.3078241113049006,0.31364762308354,0.3194711348621794,0.32529464664081875,0.33111815841945813,0.3369416701980975,0.3427651819767369,0.34858869375537627,0.35441220553401565,0.360235717312655,0.3660592290912944,0.3718827408699338,0.37770625264857316,0.38352976442721254,0.3893532762058519,0.3951767879844913,0.4010002997631307,0.40682381154177005,0.41264732332040943,0.4184708350990488,0.4242943468776882,0.43011785865632757,0.43594137043496695,0.4417648822136063,0.4475883939922457,0.4534119057708851,0.4592354175495244,0.4650589293281638,0.47088244110680316,0.47670595288544254,0.4825294646640819,0.4883529764427213,0.4941764882213607,0.5,0.5058235117786394,0.5116470235572788,0.5174705353359181,0.5232940471145575,0.5291175588931969,0.5349410706718363,0.5407645824504757,0.546588094229115,0.5524116060077544,0.5582351177863938,0.5640586295650332,0.5698821413436725,0.5757056531223119,0.5815291649009513,0.5873526766795907,0.5931761884582301,0.5989997002368694,0.6048232120155088,0.6106467237941482,0.6164702355727876,0.622293747351427,0.6281172591300663,0.6339407709087057,0.6397642826873451,0.6455877944659845,0.6514113062446238,0.6572348180232632,0.6630583298019026,0.668881841580542,0.6747053533591814,0.6805288651378207,0.6863523769164601,0.6921758886950995,0.6979994004737389,0.7038229122523783,0.7096464240310176,0.715469935809657,0.7212934475882964,0.7271169593669358,0.7329404711455751,0.7387639829242145,0.7445874947028539,0.7504110064814933,0.7562345182601327,0.762058030038772,0.7678815418174114,0.7737050535960508,0.7795285653746902,0.7853520771533296,0.7911755889319689,0.017171769166295783,0.0,0.0,0.017171769166295783,0.0,0.05151530749888735,0.017171769166295783,0.017171769166295783,0.06868707666518313,0.05151530749888735,0.017171769166295783,0.017171769166295783,0.034343538332591565,0.08585884583147892,0.1030306149977747,0.12020238416407049,0.1030306149977747,0.12020238416407049,0.25757653749443676,0.32626361415961985,0.12020238416407049,0.48080953665628196,0.4464659983236904,0.3090918449933241,0.7040425358181271,0.5151530749888735,0.7555578433170145,0.8414166891484934,1.3565697641373669,1.030306149977747,1.3737415333036627,1.8717228391262404,2.1121276074543816,2.0090969924566067,2.4040476832814095,2.8505136816051,3.0394031424343537,2.9878878349354667,3.50304090992434,3.6919303707535933,4.104052830744693,4.687892982398749,4.687892982398793,5.168702519055031,4.584862367400975,5.563653209879834,5.804057978207975,5.992947439037229,5.804057978207975,5.6323402865450705,5.632340286545017,5.804057978207975,5.992947439037229,5.804057978207975,5.563653209879834,4.584862367400975,5.168702519055031,4.687892982398749,4.687892982398749,4.104052830744693,3.6919303707535933,3.50304090992434,2.9878878349354667,3.0394031424343537,2.8505136816051,2.4040476832814095,2.0090969924566067,2.1121276074543816,1.8717228391262404,1.3737415333036627,1.030306149977747,1.3565697641373669,0.8414166891484934,0.7555578433170145,0.5151530749888735,0.7040425358181271,0.3090918449933241,0.4464659983236904,0.48080953665628196,0.12020238416407049,0.32626361415961985,0.25757653749443676,0.12020238416407049,0.1030306149977747,0.12020238416407049,0.1030306149977747,0.08585884583147892,0.034343538332591565,0.017171769166295783,0.017171769166295783,0.05151530749888735,0.06868707666518313,0.017171769166295783,0.017171769166295783,0.05151530749888735,0.0,0.017171769166295783,0.0,0.0,0.017171769166295783,0.5,0.07012857058245461
1.05,expected,0.025,False,False,100,100,normal,0.2,2.0,1.2,0.75,0.2,0.19793072089078576,0.20397210647297004,0.21001349205515432,0.2160548776373386,0.2220962632195229,0.22813764880170717,0.23417903438389145,0.24022041996607574,0.24626180554826002,0.2523031911304443,0.2583445767126286,0.26438596229481287,0.2704273478769972,0.27646873345918144,0.28251011904136575,0.28855150462355,0.2945928902057343,0.30063427578791857,0.3066756613701029,0.31271704695228714,0.31875843253447145,0.3247998181166557,0.33084120369884,0.3368825892810243,0.3429239748632086,0.34896536044539284,0.35500674602757715,0.36104813160976146,0.3670895171919457,0.37313090277412997,0.3791722883563143,0.3852136739384986,0.39125505952068285,0.3972964451028671,0.4033378306850514,0.4093792162672357,0.41542060184942,0.42146198743160423,0.42750337301378855,0.43354475859597286,0.4395861441781571,0.44562752976034137,0.45166891534252573,0.45771030092471,0.46375168650689425,0.4697930720890785,0.47583445767126287,0.4818758432534471,0.4879172288356314,0.49395861441781563,0.5,0.5060413855821843,0.5120827711643685,0.5181241567465528,0.5241655423287371,0.5302069279109214,0.5362483134931056,0.5422896990752899,0.5483310846574743,0.5543724702396585,0.5604138558218428,0.566455241404027,0.5724966269862114,0.5785380125683957,0.5845793981505799,0.5906207837327643,0.5966621693149485,0.6027035548971328,0.608744940479317,0.6147863260615014,0.6208277116436857,0.6268690972258699,0.6329104828080542,0.6389518683902385,0.6449932539724228,0.651034639554607,0.6570760251367913,0.6631174107189757,0.6691587963011599,0.6752001818833442,0.6812415674655284,0.6872829530477128,0.6933243386298971,0.6993657242120813,0.7054071097942657,0.7114484953764499,0.7174898809586342,0.7235312665408185,0.7295726521230028,0.7356140377051871,0.7416554232873713,0.7476968088695556,0.75373819445174,0.7597795800339242,0.7658209656161085,0.7718623511982927,0.7779037367804771,0.7839451223626613,0.7899865079448456,0.79602789352703,0.8020692791092142,0.016552494231603848,0.0,0.033104988463207696,0.0,0.06620997692641539,0.0,0.0,0.0,0.0,0.016552494231603772,0.04965748269481177,0.016552494231603772,0.03310498846320785,0.049657482694811315,0.016552494231603924,0.049657482694811315,0.0662099769264157,0.215182425010849,0.16552494231603923,0.1820774365476415,0.18207743654764316,0.3972598615584905,0.38070736732688676,0.48002233271651373,0.6620997692641569,0.7117572519589622,0.645547275032547,0.893834688506612,0.8607297000434041,1.0262546423594339,1.440066998149528,1.6221444346971845,2.2511392154981333,1.953194319329245,1.9862993077924527,2.5159791232037967,2.8966864905306866,3.0622114328466976,3.740863696342452,3.492576282868428,4.369858477143436,3.8401786617320393,4.651250879080703,4.982300763712781,4.8995382925547615,4.932643281017878,5.412665613734482,5.296798154113255,6.107870371461848,6.091317877230132,6.091317877230244,6.107870371461848,5.296798154113255,5.412665613734384,4.9326432810179694,4.8995382925547615,4.982300763712781,4.651250879080617,3.84017866173211,4.369858477143436,3.492576282868428,3.740863696342418,3.0622114328467256,2.8966864905306866,2.51597912320375,1.9862993077924709,1.9531943193292631,2.2511392154981333,1.6221444346971545,1.4400669981495413,1.0262546423594432,0.8607297000434041,0.8938346885065954,0.6455472750325529,0.7117572519589688,0.6620997692641569,0.4800223327165049,0.38070736732689026,0.3972598615584942,0.18207743654764316,0.1820774365476398,0.16552494231603923,0.21518242501085103,0.06620997692641448,0.04965748269481177,0.016552494231603924,0.04965748269481177,0.03310498846320724,0.016552494231603924,0.04965748269481177,0.016552494231603924,0.0,0.0,0.0,0.0,0.06620997692641448,0.0,0.03310498846320785,0.0,0.016552494231603924,0.5,0.07126243004308551
1.05,expected,0.025,False,False,100,100,normal,0.2,2.0,1.2,0.75,0.3,0.19924252552724497,0.2052576750167001,0.21127282450615517,0.21728797399561028,0.22330312348506537,0.22931827297452048,0.2353334224639756,0.24134857195343068,0.24736372144288576,0.2533788709323409,0.259394020421796,0.2654091699112511,0.2714243194007062,0.2774394688901613,0.2834546183796164,0.28946976786907147,0.29548491735852656,0.3015000668479817,0.3075152163374368,0.31353036582689187,0.319545515316347,0.3255606648058021,0.3315758142952572,0.3375909637847123,0.3436061132741674,0.3496212627636225,0.3556364122530776,0.36165156174253266,0.3676667112319878,0.3736818607214429,0.37969701021089797,0.3857121597003531,0.3917273091898082,0.3977424586792633,0.4037576081687184,0.4097727576581735,0.4157879071476286,0.42180305663708373,0.42781820612653876,0.4338333556159939,0.439848505105449,0.44586365459490407,0.4518788040843592,0.4578939535738143,0.4639091030632694,0.4699242525527245,0.4759394020421796,0.4819545515316347,0.48796970102108983,0.4939848505105449,0.5,0.5060151494894551,0.5120302989789103,0.5180454484683653,0.5240605979578203,0.5300757474472755,0.5360908969367306,0.5421060464261858,0.5481211959156408,0.5541363454050959,0.560151494894551,0.5661666443840061,0.5721817938734612,0.5781969433629164,0.5842120928523714,0.5902272423418264,0.5962423918312816,0.6022575413207367,0.6082726908101919,0.6142878402996469,0.620302989789102,0.6263181392785571,0.6323332887680122,0.6383484382574673,0.6443635877469225,0.6503787372363775,0.6563938867258325,0.6624090362152877,0.6684241857047428,0.674439335194198,0.680454484683653,0.6864696341731081,0.6924847836625632,0.6984999331520183,0.7045150826414734,0.7105302321309285,0.7165453816203836,0.7225605311098388,0.7285756805992938,0.7345908300887489,0.7406059795782041,0.7466211290676591,0.7526362785571142,0.7586514280465694,0.7646665775360244,0.7706817270254795,0.7766968765149347,0.7827120260043897,0.7887271754938449,0.7947423249832999,0.800757474472755,0.016624690737163803,0.0,0.0,0.0,0.016624690737163803,0.016624690737163803,0.04987407221149164,0.03324938147432776,0.033249381474327454,0.03324938147432776,0.06649876294865552,0.016624690737163727,0.04987407221149164,0.06649876294865552,0.11637283516014718,0.04987407221149164,0.08312345368581864,0.23274567032029436,0.19949628884596657,0.23274567032029217,0.3324938147432776,0.3158691240061137,0.38236788695476576,0.415617268429097,0.29924443326894984,0.6649876294865491,0.6483629387493974,0.797985155383859,0.831234536858194,0.9143579905440135,1.396474021921753,1.4463480941332576,1.662469073716388,1.9949628884596473,2.4438295383630906,2.5934517549975653,2.7763233531063425,3.374812219644299,3.374812219644237,4.272545519451118,4.122923302816642,4.704787478617335,4.289170210188281,4.854409695251854,5.4362738710525385,4.9209084582005085,5.8685158302188505,5.48614794326403,5.519397324738408,5.669019541372883,5.669019541372831,5.519397324738358,5.486147943264132,5.868515830218904,4.920908458200463,5.4362738710525385,4.8544096952518085,4.289170210188321,4.704787478617335,4.12292330281668,4.272545519451078,3.374812219644237,3.374812219644237,2.776323353106394,2.5934517549975897,2.443829538363068,1.9949628884596473,1.6624690737163728,1.446348094133271,1.396474021921753,0.914357990544022,0.8312345368581864,0.797985155383859,0.6483629387493853,0.6649876294865614,0.2992444332689526,0.4156172684290932,0.38236788695476576,0.31586912400611084,0.3324938147432807,0.23274567032029217,0.1994962888459684,0.23274567032029217,0.08312345368581864,0.0498740722114921,0.11637283516014608,0.06649876294865491,0.0498740722114921,0.016624690737163727,0.06649876294865491,0.033249381474328064,0.033249381474327454,0.033249381474327454,0.0498740722114921,0.016624690737163727,0.016624690737163727,0.0,0.0,0.0,0.016624690737163727,0.5,0.07090912942928869
1.05,expected,0.025,False,False,100,100,normal,0.2,2.0,1.2,0.75,0.4,0.2376053674029226,0.24285326005486416,0.2481011527068057,0.25334904535874725,0.2585969380106888,0.2638448306626303,0.2690927233145719,0.27434061596651343,0.27958850861845497,0.28483640127039656,0.2900842939223381,0.2953321865742796,0.3005800792262212,0.30582797187816274,0.3110758645301043,0.3163237571820458,0.32157164983398734,0.3268195424859289,0.33206743513787046,0.337315327789812,0.3425632204417536,0.3478111130936951,0.35305900574563664,0.35830689839757823,0.36355479104951977,0.3688026837014613,0.3740505763534029,0.37929846900534436,0.38454636165728595,0.3897942543092275,0.395042146961169,0.4002900396131106,0.40553793226505214,0.41078582491699367,0.41603371756893526,0.4212816102208768,0.4265295028728183,0.4317773955247599,0.4370252881767014,0.442273180828643,0.4475210734805845,0.45276896613252604,0.45801685878446763,0.46326475143640916,0.4685126440883507,0.4737605367402923,0.4790084293922338,0.48425632204417535,0.48950421469611693,0.49475210734805847,0.5,0.5052478926519415,0.5104957853038832,0.5157436779558247,0.5209915706077661,0.5262394632597077,0.5314873559116493,0.5367352485635908,0.5419831412155324,0.547231033867474,0.5524789265194154,0.557726819171357,0.5629747118232986,0.5682226044752401,0.5734704971271817,0.5787183897791233,0.5839662824310647,0.5892141750830063,0.5944620677349479,0.5997099603868894,0.604957853038831,0.6102057456907726,0.615453638342714,0.6207015309946556,0.6259494236465972,0.6311973162985387,0.6364452089504802,0.6416931016024219,0.6469409942543634,0.6521888869063048,0.6574367795582464,0.662684672210188,0.6679325648621295,0.6731804575140711,0.6784283501660127,0.6836762428179541,0.6889241354698957,0.6941720281218373,0.6994199207737788,0.7046678134257204,0.709915706077662,0.7151635987296034,0.720411491381545,0.7256593840334866,0.7309072766854281,0.7361551693373697,0.7414030619893113,0.7466509546412528,0.7518988472931943,0.7571467399451358,0.7623946325970774,0.019055267825076997,0.0,0.019055267825076997,0.0,0.019055267825077094,0.0,0.019055267825077094,0.09527633912538548,0.09527633912538447,0.07622107130030838,0.05716580347523129,0.07622107130030757,0.09527633912538548,0.11433160695046259,0.13338687477553968,0.28582901737615646,0.28582901737615346,0.3048842852012335,0.40016062432661903,0.4573264278018454,0.4382711599767732,0.59071330257739,0.8193765164783064,0.8955975877786235,1.0861502660293945,1.0289844625541524,1.3148134799303337,1.4672556225309208,1.391034551230628,1.791195175557247,2.115134728583535,2.000803121633095,2.6486822276857165,2.743958566811073,2.8582901737615645,3.2584507980881834,3.277506065913226,3.9444404397910002,4.192158921516916,3.906329904140805,4.020661511091268,4.3446010641175326,4.554209010193426,5.31641972319651,5.183032848420916,5.468861865797127,5.106811777120662,5.449806597971992,6.231072578800211,5.2783091875463555,5.278309187546411,6.2310725788000125,5.449806597972107,5.106811777120716,5.468861865797068,5.183032848420916,5.316419723196566,4.554209010193378,4.3446010641175326,4.020661511091309,3.9063299041407635,4.192158921516916,3.9444404397910002,3.277506065913226,3.2584507980881487,2.8582901737615947,2.743958566811073,2.6486822276856885,2.000803121633116,2.115134728583535,1.7911951755572282,1.3910345512306428,1.4672556225309208,1.3148134799303057,1.028984462554174,1.086150266029406,0.8955975877785951,0.8193765164783238,0.5907133025773962,0.4382711599767686,0.4573264278018454,0.40016062432662325,0.3048842852012303,0.28582901737615346,0.28582901737615946,0.13338687477553826,0.11433160695046135,0.09527633912538648,0.07622107130030757,0.057165803475230675,0.07622107130030918,0.09527633912538447,0.09527633912538447,0.019055267825077295,0.0,0.019055267825076893,0.0,0.019055267825076893,0.0,0.019055267825076893,0.5,0.07121429793041585
1.05,expected,0.025,False,False,100,100,normal,0.2,2.0,1.2,1.0,0.1,0.26708034247418,0.2717387356246964,0.2763971287752128,0.2810555219257292,0.2857139150762456,0.290372308226762,0.2950307013772784,0.2996890945277948,0.3043474876783112,0.30900588082882763,0.313664273979344,0.3183226671298604,0.3229810602803768,0.3276394534308932,0.3322978465814096,0.336956239731926,0.3416146328824424,0.3462730260329588,0.3509314191834752,0.3555898123339916,0.360248205484508,0.3649065986350244,0.3695649917855408,0.3742233849360572,0.3788817780865736,0.38354017123709,0.3881985643876064,0.3928569575381228,0.3975153506886392,0.4021737438391556,0.406832136989672,0.41149053014018844,0.4161489232907048,0.42080731644122116,0.4254657095917376,0.430124102742254,0.4347824958927704,0.4394408890432868,0.44409928219380324,0.4487576753443196,0.453416068494836,0.45807446164535237,0.4627328547958688,0.4673912479463852,0.4720496410969016,0.47670803424741803,0.4813664273979344,0.4860248205484508,0.49068321369896717,0.4953416068494836,0.5,0.5046583931505164,0.5093167863010328,0.5139751794515492,0.5186335726020657,0.5232919657525821,0.5279503589030984,0.5326087520536148,0.5372671452041312,0.5419255383546475,0.5465839315051639,0.5512423246556803,0.5559007178061968,0.5605591109567132,0.5652175041072296,0.569875897257746,0.5745342904082624,0.5791926835587788,0.5838510767092953,0.5885094698598117,0.593167863010328,0.5978262561608444,0.6024846493113608,0.6071430424618771,0.6118014356123935,0.61645982876291,0.6211182219134264,0.6257766150639428,0.6304350082144592,0.6350934013649756,0.639751794515492,0.6444101876660084,0.6490685808165249,0.6537269739670413,0.6583853671175576,0.663043760268074,0.6677021534185904,0.6723605465691068,0.6770189397196231,0.6816773328701395,0.686335726020656,0.6909941191711724,0.6956525123216888,0.7003109054722052,0.7049692986227216,0.709627691773238,0.7142860849237544,0.7189444780742709,0.7236028712247872,0.7282612643753036,0.73291965752582,0.042933259074071195,0.0,0.0,0.021466629537035598,0.021466629537035598,0.0,0.0,0.021466629537035598,0.08586651814814239,0.021466629537035854,0.042933259074071195,0.042933259074071195,0.021466629537035854,0.042933259074071195,0.12879977722221359,0.12879977722221359,0.2361329249073944,0.19319966583332038,0.34346607259256956,0.2575995544444303,0.36493270212960516,0.5795989974999611,0.4722658498147832,0.8157319224073625,0.6439988861110679,0.7298654042592103,0.9874649587036493,1.1806646245369579,1.545597326666563,1.760263622036919,2.189596212777631,2.1251963241665495,2.6618620625924456,2.9623948761109125,2.618928803518343,3.198527801018304,3.41319409638866,4.271859277870084,4.722658498147887,4.636791979999689,5.4310572728700715,5.538390420555184,5.710123456851469,6.203855936203288,6.139456047592181,6.611721897407043,7.491853708425423,6.976654599536652,7.491853708425423,6.203855936203288,6.203855936203288,7.491853708425423,6.97665459953657,7.491853708425423,6.611721897406963,6.139456047592327,6.203855936203288,5.710123456851469,5.5383904205553165,5.431057272870007,4.636791979999689,4.7226584981478315,4.271859277870084,3.41319409638866,3.198527801018304,2.618928803518343,2.9623948761109125,2.661862062592414,2.125196324166524,2.189596212777683,1.760263622036919,1.545597326666563,1.180664624536986,0.9874649587036374,0.7298654042592103,0.6439988861110679,0.8157319224073527,0.4722658498147832,0.5795989974999611,0.36493270212960516,0.25759955444442717,0.34346607259256956,0.19319966583332038,0.23613292490739718,0.12879977722221359,0.12879977722221359,0.042933259074071195,0.02146662953703611,0.042933259074071195,0.042933259074071195,0.021466629537035598,0.08586651814814239,0.021466629537035598,0.0,0.0,0.021466629537035598,0.021466629537035598,0.0,0.0,0.042933259074071195,0.5,0.056907470525061246
1.05,expected,0.025,False,False,100,100,normal,0.2,2.0,1.2,1.0,0.2,0.2527041697018906,0.25765008630785274,0.26259600291381496,0.2675419195197771,0.27248783612573935,0.2774337527317015,0.2823796693376637,0.2873255859436259,0.29227150254958806,0.2972174191555503,0.30216333576151244,0.30710925236747466,0.3120551689734368,0.317001085579399,0.3219470021853612,0.3268929187913234,0.3318388353972856,0.33678475200324776,0.34173066860921,0.34667658521517214,0.3516225018211343,0.3565684184270965,0.3615143350330587,0.3664602516390209,0.37140616824498307,0.3763520848509453,0.38129800145690745,0.3862439180628696,0.39118983466883184,0.396135751274794,0.40108166788075617,0.4060275844867184,0.4109735010926806,0.41591941769864277,0.42086533430460493,0.42581125091056715,0.4307571675165293,0.4357030841224915,0.4406490007284537,0.4455949173344159,0.4505408339403781,0.45548675054634025,0.46043266715230247,0.46537858375826463,0.4703245003642268,0.475270416970189,0.48021633357615123,0.4851622501821134,0.49010816678807556,0.4950540833940378,0.49999999999999994,0.5049459166059622,0.5098918332119243,0.5148377498178864,0.5197836664238487,0.5247295830298109,0.5296754996357731,0.5346214162417353,0.5395673328476974,0.5445132494536596,0.5494591660596218,0.554405082665584,0.5593509992715462,0.5642969158775084,0.5692428324834706,0.5741887490894327,0.579134665695395,0.5840805823013571,0.5890264989073193,0.5939724155132815,0.5989183321192437,0.6038642487252059,0.608810165331168,0.6137560819371303,0.6187019985430924,0.6236479151490546,0.6285938317550168,0.633539748360979,0.6384856649669413,0.6434315815729034,0.6483774981788656,0.6533234147848277,0.6582693313907899,0.6632152479967521,0.6681611646027144,0.6731070812086766,0.6780529978146387,0.6829989144206009,0.687944831026563,0.6928907476325252,0.6978366642384874,0.7027825808444497,0.7077284974504119,0.712674414056374,0.7176203306623362,0.7225662472682983,0.7275121638742605,0.7324580804802228,0.737403997086185,0.7423499136921472,0.7472958302981093,0.020218699174881515,0.020218699174881293,0.0,0.0,0.020218699174881515,0.0,0.020218699174881293,0.020218699174881515,0.06065609752464387,0.060656097524644556,0.040437398349762586,0.060656097524644556,0.060656097524644556,0.040437398349762586,0.060656097524644556,0.12131219504928774,0.12131219504928911,0.2224056909236942,0.26284308927345973,0.24262439009857822,0.30328048762321935,0.3841552843227488,0.28306178844833807,0.4043739834976303,0.5459048777217949,0.7480918694706161,1.091809755443602,1.0109349587440646,0.9704975603943129,1.5568398364658769,1.799464226564435,1.799464226564435,1.9814325191383886,2.810399185308531,2.749743087783856,3.0125861770573463,3.416960160554977,3.5787097539539885,4.488551216823646,4.751394306097156,5.014237395370616,5.398392679693305,5.661235768966825,6.3891089392625595,5.519704874742592,6.692389426885707,6.469983735962085,7.157419507908057,6.854139020284757,6.793482922760191,6.793482922760038,6.8541390202849115,7.157419507908137,6.469983735962013,6.692389426885707,5.519704874742592,6.389108939262488,5.661235768966888,5.398392679693305,5.014237395370673,4.751394306097104,4.488551216823646,3.5787097539539885,3.4169601605549382,3.01258617705738,2.749743087783856,2.810399185308562,1.9814325191383664,1.799464226564435,1.799464226564435,1.5568398364658593,0.9704975603943238,1.0109349587440646,1.0918097554436144,0.7480918694706077,0.5459048777217949,0.4043739834976258,0.28306178844833807,0.38415528432275314,0.30328048762321935,0.24262439009858094,0.2628430892734568,0.2224056909236942,0.12131219504928774,0.12131219504928774,0.060656097524645236,0.040437398349762586,0.060656097524645236,0.06065609752464387,0.040437398349762586,0.06065609752464387,0.06065609752464387,0.020218699174881744,0.020218699174881293,0.0,0.020218699174881293,0.0,0.0,0.020218699174881293,0.020218699174881744,0.5,0.05821621746101295
1.05,expected,0.025,False,False,100,100,normal,0.2,2.0,1.2,1.0,0.3,0.27648617598529546,0.28095645246558953,0.28542672894588367,0.28989700542617775,0.2943672819064718,0.2988375583867659,0.30330783486706003,0.3077781113473541,0.3122483878276482,0.31671866430794227,0.3211889407882364,0.3256592172685305,0.33012949374882455,0.3345997702291187,0.33907004670941276,0.34354032318970684,0.3480105996700009,0.352480876150295,0.35695115263058913,0.3614214291108832,0.3658917055911773,0.3703619820714714,0.3748322585517655,0.3793025350320596,0.38377281151235365,0.3882430879926478,0.39271336447294186,0.39718364095323594,0.40165391743353007,0.40612419391382415,0.4105944703941182,0.4150647468744123,0.4195350233547064,0.4240052998350005,0.4284755763152946,0.4329458527955887,0.4374161292758828,0.4418864057561769,0.44635668223647096,0.45082695871676504,0.4552972351970591,0.45976751167735325,0.4642377881576473,0.46870806463794146,0.47317834111823553,0.4776486175985296,0.4821188940788237,0.48658917055911777,0.4910594470394119,0.495529723519706,0.5000000000000001,0.5044702764802942,0.5089405529605883,0.5134108294408823,0.5178811059211764,0.5223513824014705,0.5268216588817647,0.5312919353620587,0.5357622118423528,0.5402324883226469,0.544702764802941,0.5491730412832351,0.5536433177635292,0.5581135942438233,0.5625838707241173,0.5670541472044115,0.5715244236847056,0.5759947001649997,0.5804649766452937,0.5849352531255878,0.589405529605882,0.593875806086176,0.5983460825664701,0.6028163590467641,0.6072866355270583,0.6117569120073524,0.6162271884876465,0.6206974649679405,0.6251677414482346,0.6296380179285288,0.6341082944088228,0.638578570889117,0.643048847369411,0.6475191238497051,0.6519894003299992,0.6564596768102933,0.6609299532905875,0.6654002297708814,0.6698705062511756,0.6743407827314697,0.6788110592117638,0.6832813356920578,0.6877516121723519,0.6922218886526461,0.6966921651329401,0.7011624416132343,0.7056327180935283,0.7101029945738224,0.7145732710541165,0.7190435475344106,0.7235138240147047,0.04473996203179875,0.0,0.04473996203179875,0.0,0.04473996203179875,0.0447399620317982,0.022369981015899376,0.06710994304769813,0.0,0.0447399620317982,0.0894799240635975,0.06710994304769813,0.11184990507949549,0.24606979117489314,0.13421988609539626,0.31317973422259127,0.2908097532066919,0.3579196962543856,0.2908097532066919,0.40265965828618877,0.6487294494610739,0.4921395823497863,0.6487294494610819,0.8053193165723775,0.9842791646995603,1.0961290697790695,1.4987887280652583,1.4987887280652397,1.5658986711129563,1.6777485761924533,2.192258139558139,3.154167323241812,2.4830678927648,3.0646873991782146,3.3554971523848645,3.5568269815280007,3.5344570005121017,4.004226601845988,4.720065994354768,5.368795443815851,5.077985690609096,5.592495253974844,5.97278493124506,6.308334646483624,6.263594684451825,6.218854722420026,7.1807639061037,6.643884361722032,6.464924513594919,7.1583939250877116,7.1583939250878,6.464924513594919,6.643884361722115,7.1807639061037,6.218854722420026,6.26359468445167,6.308334646483781,5.972784931244986,5.592495253974844,5.077985690609158,5.368795443815851,4.720065994354768,4.004226601845889,3.5344570005121896,3.5568269815279128,3.3554971523849066,3.0646873991782146,2.4830678927648306,3.154167323241812,2.1922581395580845,1.6777485761924948,1.5658986711129175,1.4987887280652954,1.498788728065221,1.0961290697790695,0.9842791646995726,0.8053193165723775,0.6487294494610819,0.49213958234977406,0.648729449461098,0.4026596582861788,0.2908097532066919,0.35791969625439,0.2908097532066919,0.31317973422259127,0.13421988609539293,0.24606979117489927,0.1118499050794941,0.06710994304769813,0.0894799240635975,0.04473996203179875,0.0,0.06710994304769646,0.02236998101589993,0.04473996203179764,0.04473996203179875,0.0,0.04473996203179875,0.0,0.04473996203179875,0.5,0.058382994026674975
1.05,expected,0.025,False,False,100,100,normal,0.2,2.0,1.2,1.0,0.4,0.27731392186842946,0.28176764343106087,0.2862213649936923,0.2906750865563237,0.2951288081189551,0.2995825296815865,0.3040362512442179,0.3084899728068493,0.3129436943694808,0.3173974159321121,0.3218511374947436,0.326304859057375,0.3307585806200064,0.3352123021826378,0.3396660237452692,0.3441197453079006,0.34857346687053203,0.35302718843316344,0.35748090999579485,0.36193463155842626,0.36638835312105766,0.37084207468368907,0.3752957962463205,0.37974951780895194,0.3842032393715833,0.38865696093421476,0.3931106824968461,0.39756440405947757,0.402018125622109,0.4064718471847404,0.4109255687473718,0.4153792903100032,0.4198330118726346,0.424286733435266,0.4287404549978974,0.43319417656052883,0.43764789812316024,0.44210161968579165,0.4465553412484231,0.45100906281105446,0.4554627843736859,0.4599165059363173,0.46437022749894874,0.4688239490615801,0.47327767062421155,0.47773139218684296,0.48218511374947437,0.4866388353121058,0.4910925568747372,0.4955462784373686,0.5,0.5044537215626315,0.5089074431252628,0.5133611646878943,0.5178148862505256,0.5222686078131571,0.5267223293757884,0.5311760509384199,0.5356297725010513,0.5400834940636827,0.5445372156263142,0.5489909371889455,0.5534446587515769,0.5578983803142084,0.5623521018768398,0.5668058234394712,0.5712595450021025,0.575713266564734,0.5801669881273654,0.5846207096899968,0.5890744312526282,0.5935281528152596,0.5979818743778911,0.6024355959405225,0.6068893175031539,0.6113430390657852,0.6157967606284167,0.6202504821910482,0.6247042037536795,0.6291579253163109,0.6336116468789423,0.6380653684415738,0.6425190900042052,0.6469728115668365,0.651426533129468,0.6558802546920994,0.6603339762547308,0.6647876978173621,0.6692414193799936,0.6736951409426251,0.6781488625052565,0.6826025840678879,0.6870563056305192,0.6915100271931507,0.6959637487557822,0.7004174703184135,0.7048711918810449,0.7093249134436763,0.7137786350063078,0.7182323565689391,0.7226860781315706,0.022453132418299777,0.022453132418299777,0.0,0.022453132418299777,0.0,0.044906264836599555,0.08981252967319911,0.06735939725489849,0.08981252967320023,0.17962505934639597,0.13471879450979865,0.15717192692809845,0.08981252967319911,0.2245313241829978,0.2245313241829978,0.24698445660129756,0.35925011869279644,0.5164220456208949,0.42660951594769575,0.6511408401306936,0.5837814428757943,0.9205784291502909,0.6960471049672844,0.763406502222202,0.7858596346404825,0.9430315615686025,1.4145473423528683,1.7288911962090827,2.0881413149018795,1.818703725882282,2.649469625359374,2.8515478171240716,2.4024851687580764,3.233251068235168,3.233251068235168,3.5251417896730652,3.9292981732024614,4.176282629803707,4.400813953986812,4.760064072679493,5.231579853463914,5.568376839738275,5.231579853463914,5.411204912810179,6.084798885359239,6.982924182091232,6.735939725489933,7.229908638692528,6.668580328235034,6.646127195816734,6.646127195816652,6.668580328235118,7.229908638692438,6.7359397254900175,6.982924182091144,6.084798885359315,5.411204912810179,5.231579853463914,5.568376839738275,5.231579853463783,4.760064072679612,4.400813953986812,4.176282629803707,3.929298173202412,3.5251417896731088,3.2332510682352082,3.2332510682351274,2.402485168758046,2.851547817124107,2.6494696253594068,1.8187037258822594,2.0881413149018533,1.7288911962090614,1.4145473423529036,0.9430315615686025,0.7858596346404825,0.7634065022221829,0.6960471049673017,0.9205784291503023,0.5837814428757869,0.6511408401306854,0.42660951594770113,0.5164220456209013,0.35925011869279194,0.24698445660129445,0.22453132418300056,0.22453132418300056,0.08981252967319799,0.15717192692809648,0.13471879450979699,0.17962505934640047,0.08981252967320023,0.06735939725489849,0.08981252967319799,0.04490626483660012,0.0,0.022453132418299496,0.0,0.02245313241830006,0.022453132418299496,0.5,0.060398834513404075
1.05,expected,0.025,False,False,100,100,normal,0.2,2.0,1.2,1.25,0.1,0.293688820540974,0.2978150441301545,0.30194126771933505,0.30606749130851557,0.3101937148976961,0.3143199384868766,0.31844616207605714,0.32257238566523766,0.3266986092544182,0.3308248328435987,0.3349510564327792,0.3390772800219597,0.34320350361114027,0.34732972720032074,0.35145595078950126,0.3555821743786818,0.3597083979678623,0.3638346215570428,0.36796084514622335,0.37208706873540387,0.3762132923245844,0.3803395159137649,0.38446573950294544,0.38859196309212596,0.3927181866813065,0.396844410270487,0.4009706338596675,0.40509685744884805,0.40922308103802857,0.4133493046272091,0.41747552821638956,0.42160175180557014,0.4257279753947506,0.4298541989839312,0.43398042257311165,0.4381066461622922,0.4422328697514727,0.44635909334065327,0.45048531692983373,0.45461154051901426,0.4587377641081948,0.4628639876973753,0.4669902112865558,0.47111643487573635,0.47524265846491687,0.4793688820540974,0.4834951056432779,0.48762132923245843,0.49174755282163896,0.4958737764108194,0.5,0.5041262235891805,0.508252447178361,0.5123786707675415,0.5165048943567221,0.5206311179459026,0.5247573415350831,0.5288835651242636,0.5330097887134442,0.5371360123026246,0.5412622358918051,0.5453884594809857,0.5495146830701663,0.5536409066593467,0.5577671302485272,0.5618933538377078,0.5660195774268884,0.5701458010160688,0.5742720246052493,0.5783982481944299,0.5825244717836104,0.5866506953727909,0.5907769189619714,0.594903142551152,0.5990293661403325,0.6031555897295129,0.6072818133186935,0.611408036907874,0.6155342604970545,0.619660484086235,0.6237867076754156,0.6279129312645961,0.6320391548537766,0.6361653784429571,0.6402916020321376,0.6444178256213182,0.6485440492104987,0.6526702727996792,0.6567964963888597,0.6609227199780403,0.6650489435672208,0.6691751671564012,0.6733013907455818,0.6774276143347624,0.6815538379239429,0.6856800615131233,0.6898062851023039,0.6939325086914844,0.6980587322806648,0.7021849558698454,0.706311179459026,0.02423523540076999,0.0,0.02423523540076999,0.0,0.0,0.0,0.0,0.0,0.02423523540076999,0.04847047080153998,0.07270570620231095,0.0,0.048470470801540634,0.0,0.02423523540076999,0.19388188320615993,0.12117617700384994,0.04847047080153998,0.09694094160307996,0.31505806021000987,0.41199900181308985,0.2423523540076999,0.6058808850192497,0.6058808850192497,0.8482332390269497,0.9451741806300297,0.7997627682254097,1.2117617700384995,1.6479960072523594,1.2359970054392861,2.18117118606927,2.6658758940847345,2.3508178338746575,3.2475215437032223,3.1990510729015957,3.9988138411271024,3.9988138411269945,4.60469472614636,4.362342372138598,5.913397437787878,6.640454499810978,6.349631675001738,6.349631675001738,6.955512560020987,7.706804857444856,7.924921976051786,7.924921976051786,8.651979038074886,8.36115621326576,8.191509565460146,8.191509565460368,8.361156213265534,8.651979038075003,7.924921976051681,7.924921976051893,7.706804857444753,6.955512560021082,6.349631675001652,6.349631675001823,6.640454499811066,5.913397437787798,4.36234237213854,4.60469472614636,3.9988138411271024,3.9988138411269945,3.1990510729015957,3.2475215437032223,2.3508178338747205,2.665875894084663,2.18117118606927,1.2359970054392861,1.6479960072523816,1.211761770038483,0.7997627682253989,0.9451741806300678,0.8482332390269383,0.6058808850192415,0.605880885019258,0.24235235400770316,0.4119990018130843,0.3150580602100056,0.09694094160308127,0.048470470801540634,0.12117617700384833,0.19388188320615732,0.024235235400770317,0.0,0.04847047080153933,0.0,0.07270570620231095,0.048470470801540634,0.024235235400769665,0.0,0.0,0.0,0.0,0.0,0.024235235400770317,0.0,0.024235235400769665,0.5,0.04748679687694865
1.05,expected,0.025,False,False,100,100,normal,0.2,2.0,1.2,1.25,0.2,0.2618538046666476,0.26661672857331464,0.2713796524799817,0.27614257638664874,0.2809055002933158,0.28566842419998284,0.2904313481066499,0.29519427201331694,0.299957195919984,0.30472011982665104,0.3094830437333181,0.31424596763998514,0.3190088915466522,0.32377181545331923,0.3285347393599862,0.33329766326665333,0.3380605871733203,0.34282351107998743,0.3475864349866544,0.35234935889332153,0.3571122827999885,0.36187520670665557,0.3666381306133226,0.37140105451998967,0.3761639784266567,0.38092690233332377,0.3856898262399908,0.39045275014665787,0.3952156740533249,0.39997859795999197,0.404741521866659,0.40950444577332606,0.4142673696799931,0.41903029358666016,0.4237932174933272,0.42855614139999426,0.4333190653066613,0.43808198921332836,0.4428449131199954,0.44760783702666246,0.4523707609333295,0.4571336848399965,0.4618966087466636,0.4666595326533306,0.4714224565599977,0.4761853804666647,0.4809483043733318,0.4857112282799988,0.4904741521866659,0.4952370760933329,0.5,0.504762923906667,0.5095258478133341,0.5142887717200011,0.5190516956266682,0.5238146195333352,0.5285775434400022,0.5333404673466693,0.5381033912533364,0.5428663151600034,0.5476292390666704,0.5523921629733375,0.5571550868800046,0.5619180107866716,0.5666809346933386,0.5714438586000057,0.5762067825066728,0.5809697064133398,0.5857326303200068,0.5904955542266739,0.595258478133341,0.600021402040008,0.604784325946675,0.6095472498533421,0.6143101737600092,0.6190730976666762,0.6238360215733432,0.6285989454800103,0.6333618693866774,0.6381247932933444,0.6428877172000114,0.6476506411066785,0.6524135650133455,0.6571764889200125,0.6619394128266796,0.6667023367333467,0.6714652606400137,0.6762281845466807,0.6809911084533478,0.6857540323600149,0.6905169562666819,0.6952798801733489,0.700042804080016,0.7048057279866831,0.70956865189335,0.714331575800017,0.7190944997066842,0.7238574236133513,0.7286203475200183,0.7333832714266852,0.7381461953333524,0.020995506533291856,0.0,0.0,0.0,0.0,0.0,0.0,0.0,0.0,0.0,0.020995506533291856,0.0,0.0,0.08398202613316841,0.06298651959987482,0.0629865195998763,0.041991013066583226,0.08398202613316841,0.1889595587996245,0.1469685457330447,0.146968545733043,0.1889595587996267,0.3359281045326697,0.39891462413254525,0.5458831698655882,0.48289665026571266,0.5668786763988801,0.7978292482650905,1.0707708331978847,0.9447977939981335,1.2597303919975114,1.3647079246639706,1.910591094529559,2.078555146795894,2.750411355861233,3.4222675649265724,3.485254084526448,3.4642585779931565,4.430051878524582,4.40905637199129,5.689782270522159,5.08091258105657,6.319647466520922,6.3406429730540665,7.138472221319313,7.306436273585481,7.747341910784785,8.188247547983728,7.9153059630511216,8.48218463944981,8.482184639450008,7.915305963050938,8.18824754798392,7.747341910784605,7.306436273585652,7.138472221319313,6.3406429730540665,6.319647466520776,5.080912581056689,5.689782270522159,4.409056371991238,4.43005187852453,3.4642585779931965,3.4852540845264883,3.4222675649265324,2.750411355861201,2.078555146795918,1.9105910945295812,1.3647079246639546,1.2597303919974967,0.9447977939981446,1.0707708331978971,0.7978292482650813,0.5668786763988735,0.48289665026571826,0.5458831698655946,0.39891462413254064,0.3359281045326658,0.1889595587996289,0.1469685457330447,0.14696854573304127,0.1889595587996289,0.08398202613316841,0.041991013066583226,0.06298651959987482,0.0629865195998763,0.08398202613316841,0.0,0.0,0.020995506533292102,0.0,0.0,0.0,0.0,0.0,0.0,0.0,0.0,0.0,0.020995506533291613,0.5,0.050131869238852975
1.05,expected,0.025,False,False,100,100,normal,0.2,2.0,1.2,1.25,0.3,0.3034666321038563,0.3073972994617792,0.3113279668197021,0.31525863417762495,0.3191893015355478,0.3231199688934707,0.3270506362513936,0.33098130360931644,0.3349119709672393,0.3388426383251622,0.34277330568308506,0.3467039730410079,0.3506346403989308,0.3545653077568537,0.35849597511477654,0.3624266424726994,0.3663573098306223,0.37028797718854517,0.374218644546468,0.37814931190439094,0.3820799792623138,0.38601064662023665,0.38994131397815956,0.3938719813360824,0.3978026486940053,0.4017333160519282,0.40566398340985105,0.4095946507677739,0.41352531812569676,0.4174559854836196,0.42138665284154253,0.4253173201994654,0.42924798755738824,0.43317865491531116,0.437109322273234,0.44103998963115687,0.4449706569890798,0.44890132434700264,0.4528319917049255,0.4567626590628484,0.46069332642077127,0.4646239937786941,0.46855466113661703,0.4724853284945399,0.47641599585246275,0.48034666321038566,0.48427733056830846,0.4882079979262314,0.49213866528415423,0.4960693326420771,0.5,0.5039306673579229,0.5078613347158457,0.5117920020737686,0.5157226694316914,0.5196533367896143,0.5235840041475373,0.5275146715054602,0.531445338863383,0.5353760062213059,0.5393066735792287,0.5432373409371516,0.5471680082950745,0.5510986756529973,0.5550293430109202,0.558960010368843,0.5628906777267659,0.5668213450846888,0.5707520124426118,0.5746826798005346,0.5786133471584575,0.5825440145163803,0.5864746818743032,0.5904053492322261,0.594336016590149,0.5982666839480718,0.6021973513059947,0.6061280186639175,0.6100586860218404,0.6139893533797633,0.6179200207376863,0.6218506880956091,0.6257813554535319,0.6297120228114548,0.6336426901693777,0.6375733575273006,0.6415040248852235,0.6454346922431463,0.6493653596010691,0.653296026958992,0.6572266943169149,0.6611573616748379,0.6650880290327607,0.6690186963906836,0.6729493637486064,0.6768800311065293,0.6808106984644522,0.6847413658223751,0.6886720331802979,0.6926027005382207,0.6965333678961436,0.025440972459405607,0.02544097245940525,0.0,0.0,0.0508819449188105,0.05088194491881121,0.025440972459405607,0.10176388983762243,0.07632291737821574,0.10176388983762243,0.07632291737821682,0.05088194491881121,0.101763889837621,0.05088194491881121,0.10176388983762243,0.17808680721583672,0.17808680721583925,0.4579375042693009,0.30529166951286296,0.2544097245940561,0.5851423665663289,0.6105833390257259,0.5597013941069233,1.0176388983762243,1.1194027882138309,1.2466076505108747,1.5010173751049307,1.7045451547801758,1.6282222374019588,2.3914514111840934,2.264246548887099,2.9257118328316447,2.7476250256157666,3.0529166951286726,3.5108541993979734,4.299524345639487,4.324965318098953,5.189958381718744,5.520691023690939,5.495250051231611,5.800541720744478,6.029510472879044,6.9962674263365425,7.708614655199899,6.69097575682358,7.988465352253473,8.166552159469084,7.9884653522533595,7.886701462415738,8.039347297172057,8.039347297172057,7.886701462415849,7.988465352253248,8.166552159469315,7.988465352253248,6.69097575682358,7.708614655199789,6.996267426336641,6.029510472879044,5.80054172074456,5.495250051231533,5.520691023690939,5.189958381718817,4.324965318098892,4.299524345639608,3.510854199397924,3.0529166951286295,2.7476250256157666,2.925711832831686,2.264246548887067,2.3914514111841605,1.628222237401936,1.7045451547801516,1.5010173751049096,1.2466076505108923,1.1194027882138309,1.0176388983762386,0.5597013941069154,0.6105833390257259,0.5851423665663207,0.25440972459405964,0.30529166951287157,0.45793750426929447,0.17808680721583672,0.17808680721583672,0.101763889837621,0.050881944918811935,0.10176388983762387,0.0508819449188105,0.07632291737821574,0.101763889837621,0.07632291737821789,0.101763889837621,0.025440972459405967,0.0508819449188105,0.0508819449188105,0.0,0.0,0.025440972459405967,0.02544097245940525,0.5,0.04967447355270575
1.05,expected,0.025,False,False,100,100,normal,0.2,2.0,1.2,1.25,0.4,0.30213684646949834,0.30609410954010835,0.3100513726107184,0.3140086356813284,0.3179658987519385,0.3219231618225485,0.32588042489315855,0.32983768796376856,0.3337949510343786,0.3377522141049886,0.3417094771755987,0.3456667402462087,0.34962400331681875,0.35358126638742876,0.3575385294580388,0.36149579252864883,0.3654530555992589,0.3694103186698689,0.37336758174047896,0.37732484481108897,0.38128210788169903,0.38523937095230903,0.3891966340229191,0.3931538970935291,0.39711116016413917,0.40106842323474917,0.4050256863053592,0.40898294937596924,0.4129402124465793,0.4168974755171893,0.4208547385877993,0.4248120016584094,0.42876926472901944,0.43272652779962945,0.43668379087023945,0.4406410539408495,0.4445983170114596,0.4485555800820696,0.4525128431526796,0.45647010622328965,0.4604273692938997,0.4643846323645097,0.4683418954351197,0.4722991585057298,0.47625642157633985,0.48021368464694986,0.48417094771755986,0.4881282107881699,0.49208547385877993,0.49604273692938994,0.5,0.5039572630706101,0.5079145261412201,0.5118717892118301,0.5158290522824401,0.5197863153530502,0.5237435784236601,0.5277008414942702,0.5316581045648803,0.5356153676354903,0.5395726307061004,0.5435298937767103,0.5474871568473204,0.5514444199179305,0.5554016829885404,0.5593589460591505,0.5633162091297605,0.5672734722003705,0.5712307352709807,0.5751879983415906,0.5791452614122007,0.5831025244828107,0.5870597875534207,0.5910170506240308,0.5949743136946408,0.5989315767652508,0.602888839835861,0.6068461029064709,0.610803365977081,0.614760629047691,0.618717892118301,0.622675155188911,0.6266324182595211,0.630589681330131,0.6345469444007412,0.6385042074713512,0.6424614705419612,0.6464187336125713,0.6503759966831812,0.6543332597537913,0.6582905228244014,0.6622477858950113,0.6662050489656215,0.6701623120362314,0.6741195751068415,0.6780768381774516,0.6820341012480615,0.6859913643186716,0.6899486273892816,0.6939058904598916,0.6978631535305017,0.02526999044938024,0.0,0.02526999044938024,0.05053998089875978,0.0,0.0,0.05053998089876048,0.07580997134813966,0.05053998089876048,0.07580997134813966,0.07580997134814073,0.07580997134813966,0.2526999044938024,0.12634995224689943,0.1768899331456617,0.17688993314565923,0.22742991404442217,0.17688993314565923,0.2526999044938024,0.5053998089875977,0.5812097803357456,0.6064797707851173,0.9097196561776887,0.7075597325826369,1.2129595415702517,1.2129595415702517,1.162419560671475,1.4403894556146537,1.768899331456617,2.501729054488644,1.9457892646022517,2.729158968533028,2.880778911229348,3.10820882527377,3.5883386438119445,3.5883386438119445,4.245358395495881,5.23088802302171,5.230888023021636,5.053998089875978,6.646007488187004,6.368037593243821,6.74708744998443,7.479917173016447,7.909507010656016,6.949247373579568,7.252487258972028,8.13693692470044,8.819226666833705,7.934777001105285,7.934777001105285,8.81922666683358,8.136936924700553,7.252487258972028,6.94924737357947,7.909507010656126,7.479917173016447,6.74708744998443,6.368037593243732,6.6460074881869105,5.05399808987612,5.230888023021636,5.230888023021636,4.24535839549594,3.5883386438119445,3.5883386438119445,3.1082088252738136,2.8807789112292266,2.7291589685331044,1.9457892646022517,2.5017290544886093,1.768899331456642,1.4403894556146537,1.162419560671475,1.2129595415702685,1.2129595415702006,0.7075597325826568,0.909719656177676,0.6064797707851173,0.5812097803357538,0.5053998089875977,0.25269990449379887,0.1768899331456642,0.22742991404441262,0.1768899331456642,0.17688993314565923,0.12634995224689943,0.25269990449380597,0.07580997134813966,0.07580997134813966,0.07580997134814178,0.05053998089875836,0.07580997134814178,0.05053998089875978,0.0,0.0,0.05053998089875978,0.02526999044937989,0.0,0.02526999044937989,0.5,0.04992391172912974
1.05,expected,0.025,False,False,100,100,normal,0.2,2.0,1.2,1.5,0.1,0.33714968782195465,0.34040669406551555,0.34366370030907645,0.34692070655263735,0.35017771279619825,0.3534347190397592,0.3566917252833201,0.359948731526881,0.3632057377704419,0.3664627440140028,0.3697197502575637,0.3729767565011246,0.3762337627446855,0.3794907689882464,0.3827477752318073,0.3860047814753682,0.38926178771892916,0.39251879396249006,0.39577580020605097,0.39903280644961187,0.40228981269317277,0.40554681893673367,0.40880382518029457,0.41206083142385547,0.41531783766741637,0.4185748439109773,0.4218318501545382,0.4250888563980991,0.42834586264166,0.4316028688852209,0.4348598751287818,0.4381168813723427,0.4413738876159036,0.4446308938594645,0.4478879001030255,0.4511449063465863,0.4544019125901473,0.4576589188337082,0.4609159250772691,0.46417293132083,0.4674299375643909,0.4706869438079518,0.4739439500515127,0.47720095629507364,0.4804579625386345,0.48371496878219544,0.4869719750257563,0.49022898126931724,0.49348598751287814,0.49674299375643904,0.49999999999999994,0.5032570062435608,0.5065140124871218,0.5097710187306826,0.5130280249742436,0.5162850312178044,0.5195420374613654,0.5227990437049264,0.5260560499484872,0.529313056192048,0.532570062435609,0.53582706867917,0.5390840749227308,0.5423410811662918,0.5455980874098526,0.5488550936534136,0.5521120998969744,0.5553691061405354,0.5586261123840963,0.5618831186276572,0.565140124871218,0.568397131114779,0.5716541373583399,0.5749111436019008,0.5781681498454617,0.5814251560890226,0.5846821623325835,0.5879391685761444,0.5911961748197053,0.5944531810632663,0.5977101873068271,0.600967193550388,0.6042241997939489,0.6074812060375099,0.6107382122810707,0.6139952185246317,0.6172522247681926,0.6205092310117535,0.6237662372553143,0.6270232434988753,0.6302802497424362,0.6335372559859971,0.6367942622295579,0.6400512684731189,0.6433082747166798,0.6465652809602407,0.6498222872038016,0.6530792934473626,0.6563362996909234,0.6595933059344843,0.6628503121780452,0.0614060843129791,0.0,0.0,0.03070304215648955,0.030703042156489026,0.18421825293893732,0.03070304215648955,0.0,0.1228121686259582,0.1228121686259582,0.09210912646946866,0.18421825293893732,0.18421825293893732,0.09210912646946866,0.3377334637213851,0.27632737940840124,0.36843650587787463,0.42984259019085375,0.4912486745038328,0.5526547588168119,0.5833578009733015,0.8596851803817075,0.9824973490076656,1.5965581921374568,1.4430429813549843,1.5351521078244776,1.6886673186069252,2.118509908797779,1.6272612342939463,2.9167890048665073,3.0703042156489553,2.8246798783970384,3.346631595057361,3.8685833117176176,5.035298913664373,5.0045958715077115,5.741468883263546,5.680062798950567,6.048499304828441,7.1231057803055755,7.061699695992596,7.215214906775045,8.50474267734746,7.89068183421795,7.552948370496302,9.487240026355433,9.48724002635511,9.057397436164417,10.838173881240811,9.732864363607188,9.732864363607188,10.838173881240627,9.057397436164571,9.48724002635511,9.487240026355433,7.552948370496302,7.8906818342176805,8.50474267734775,7.215214906775167,7.061699695992477,7.123105780305455,6.048499304828545,5.680062798950471,5.741468883263644,5.0045958715077115,5.035298913664373,3.8685833117176176,3.3466315950573042,2.824679878397087,3.0703042156490077,2.9167890048664575,1.6272612342939186,2.118509908797815,1.6886673186068966,1.5351521078245038,1.4430429813549843,1.5965581921374838,0.9824973490076488,0.8596851803816927,0.5833578009733115,0.5526547588168214,0.4912486745038244,0.42984259019084636,0.3684365058778809,0.27632737940840124,0.3377334637213793,0.09210912646947023,0.18421825293894045,0.18421825293893415,0.09210912646946708,0.1228121686259603,0.1228121686259603,0.0,0.030703042156489026,0.18421825293894045,0.030703042156489026,0.030703042156489026,0.0,0.0,0.06140608431297805,0.5,0.0423762374105228
1.05,expected,0.025,False,False,100,100,normal,0.2,2.0,1.2,1.5,0.2,0.2894729087158883,0.2936834505415706,0.2978939923672528,0.30210453419293504,0.30631507601861724,0.3105256178442995,0.31473615966998175,0.31894670149566395,0.3231572433213462,0.3273677851470284,0.33157832697271067,0.33578886879839287,0.3399994106240751,0.3442099524497574,0.3484204942754396,0.35263103610112184,0.35684157792680404,0.3610521197524863,0.36526266157816856,0.36947320340385076,0.373683745229533,0.3778942870552152,0.3821048288808975,0.38631537070657973,0.39052591253226193,0.3947364543579442,0.3989469961836264,0.40315753800930865,0.4073680798349909,0.4115786216606731,0.41578916348635536,0.41999970531203756,0.4242102471377198,0.4284207889634021,0.4326313307890843,0.43684187261476654,0.44105241444044874,0.445262956266131,0.44947349809181325,0.45368403991749545,0.4578945817431777,0.4621051235688599,0.46631566539454217,0.4705262072202244,0.4747367490459066,0.4789472908715888,0.4831578326972711,0.48736837452295334,0.4915789163486356,0.4957894581743178,0.5,0.5042105418256823,0.5084210836513645,0.5126316254770468,0.516842167302729,0.5210527091284112,0.5252632509540934,0.5294737927797757,0.5336843346054579,0.5378948764311402,0.5421054182568223,0.5463159600825046,0.5505265019081869,0.554737043733869,0.5589475855595514,0.5631581273852335,0.5673686692109158,0.571579211036598,0.5757897528622802,0.5800002946879625,0.5842108365136447,0.588421378339327,0.5926319201650092,0.5968424619906914,0.6010530038163737,0.6052635456420559,0.6094740874677381,0.6136846292934204,0.6178951711191025,0.6221057129447849,0.626316254770467,0.6305267965961493,0.6347373384218316,0.6389478802475137,0.6431584220731961,0.6473689638988782,0.6515795057245605,0.6557900475502427,0.6600005893759249,0.6642111312016072,0.6684216730272894,0.6726322148529716,0.6768427566786539,0.681053298504336,0.6852638403300184,0.6894743821557006,0.6936849239813828,0.6978954658070651,0.7021060076327472,0.7063165494584296,0.7105270912841117,0.02374991251483328,0.0,0.0,0.0,0.0,0.0,0.0,0.0,0.0,0.02374991251483328,0.04749982502966719,0.02374991251483328,0.02374991251483328,0.04749982502966719,0.09499965005933313,0.09499965005933438,0.14249947508899968,0.11874956257416641,0.11874956257416798,0.23749912514833282,0.07124973754450079,0.21374921263349952,0.28499895017799937,0.16624938760383515,0.3799986002373325,0.4987481628115054,0.6649975504153318,1.1162458881971642,0.8549968505340093,0.9974963256229977,1.2112455382565133,1.51999440094933,1.8999930011866626,2.1849919513646907,2.446240989027828,3.7762360898585414,4.1087348650661575,4.298734165184824,4.536233290333216,5.177480928233655,5.652479178530395,6.341226641460485,7.291223142053817,7.789971304865419,8.312469380191757,8.169969905102649,9.33371561832948,8.811217543003146,9.761214043596606,9.879963606170774,9.879963606170644,9.761214043596478,8.811217543003146,9.33371561832948,8.169969905102864,8.312469380191649,7.789971304865316,7.291223142053817,6.341226641460485,5.65247917853047,5.177480928233655,4.536233290333157,4.2987341651849365,4.108734865066049,3.776236089858591,2.446240989027828,2.184991951364662,1.8999930011867123,1.5199944009492898,1.2112455382565293,0.9974963256229977,0.8549968505339981,1.1162458881971935,0.6649975504153144,0.4987481628115121,0.3799986002373325,0.16624938760383295,0.28499895017800686,0.2137492126334939,0.07124973754450172,0.23749912514833282,0.11874956257416641,0.11874956257416952,0.14249947508899594,0.09499965005933562,0.09499965005933313,0.04749982502966656,0.023749912514833906,0.023749912514832654,0.04749982502966781,0.02374991251483328,0.0,0.0,0.0,0.0,0.0,0.0,0.0,0.0,0.023749912514833906,0.5,0.04314540812447065
1.05,expected,0.025,False,False,100,100,normal,0.2,2.0,1.2,1.5,0.3,0.3215120297512641,0.3250817891562388,0.32865154856121354,0.33222130796618826,0.33579106737116293,0.33936082677613766,0.3429305861811124,0.3465003455860871,0.35007010499106184,0.35363986439603656,0.3572096238010113,0.36077938320598596,0.3643491426109607,0.3679189020159354,0.37148866142091014,0.37505842082588486,0.3786281802308596,0.38219793963583426,0.385767699040809,0.3893374584457837,0.39290721785075844,0.39647697725573317,0.4000467366607079,0.4036164960656826,0.40718625547065734,0.410756014875632,0.41432577428060674,0.41789553368558147,0.4214652930905562,0.4250350524955309,0.4286048119005056,0.4321745713054803,0.43574433071045504,0.43931409011542977,0.4428838495204045,0.4464536089253792,0.45002336833035395,0.45359312773532867,0.4571628871403034,0.46073264654527807,0.4643024059502528,0.4678721653552275,0.47144192476020225,0.4750116841651769,0.47858144357015164,0.48215120297512637,0.4857209623801011,0.4892907217850758,0.49286048119005055,0.4964302405950253,0.5,0.5035697594049747,0.5071395188099495,0.5107092782149241,0.5142790376198989,0.5178487970248735,0.5214185564298482,0.524988315834823,0.5285580752397977,0.5321278346447724,0.5356975940497472,0.5392673534547219,0.5428371128596966,0.5464068722646713,0.549976631669646,0.5535463910746208,0.5571161504795954,0.5606859098845702,0.5642556692895448,0.5678254286945197,0.5713951880994943,0.574964947504469,0.5785347069094438,0.5821044663144185,0.5856742257193932,0.5892439851243679,0.5928137445293427,0.5963835039343174,0.5999532633392921,0.6035230227442667,0.6070927821492416,0.6106625415542162,0.614232300959191,0.6178020603641656,0.6213718197691405,0.6249415791741151,0.6285113385790898,0.6320810979840645,0.6356508573890393,0.639220616794014,0.6427903761989887,0.6463601356039634,0.649929895008938,0.6534996544139129,0.6570694138188875,0.6606391732238623,0.664208932628837,0.6677786920338118,0.6713484514387864,0.6749182108437611,0.6784879702487359,0.028013092383941212,0.0,0.028013092383941212,0.028013092383941642,0.028013092383941212,0.028013092383941212,0.0,0.0,0.14006546191970604,0.056026184767882424,0.11205236953576657,0.14006546191970604,0.056026184767882424,0.14006546191970604,0.08403927715182363,0.14006546191970604,0.33615710860729975,0.16807855430364727,0.39218329337517693,0.5602618476788241,0.4762225705270005,0.7283404019824714,0.7843665867503539,0.7003273095985303,0.9804582334379575,1.204562972509472,1.064497510589766,1.7648248201882961,1.7928379125722376,2.297073575483215,2.32508666786712,2.969387792697768,2.801309238394121,2.969387792697768,3.585675825144475,4.061898395671475,5.238448275797006,4.986330444341535,5.2104351834131455,6.72314217214589,7.479495666512303,6.779168356913772,7.871678959887602,7.927705144655363,8.011744421807187,9.468425225772128,8.403927715182363,8.992202655245128,10.112726350602777,9.888621611531246,9.888621611531246,10.112726350602777,8.992202655245407,8.403927715182101,9.468425225772423,8.011744421807187,7.927705144655363,7.871678959887479,6.779168356913772,7.479495666512303,6.72314217214589,5.210435183413065,4.986330444341535,5.238448275797006,4.061898395671475,3.585675825144586,2.9693877926976757,2.8013092383942078,2.9693877926976757,2.3250866678671924,2.297073575483179,1.7928379125722376,1.7648248201882961,1.064497510589766,1.204562972509472,0.9804582334379424,0.7003273095985303,0.7843665867503539,0.7283404019824941,0.4762225705269857,0.5602618476788416,0.3921832933751647,0.16807855430365248,0.33615710860728404,0.1400654619197104,0.08403927715182363,0.14006546191970604,0.056026184767882424,0.14006546191970604,0.11205236953576485,0.056026184767882424,0.1400654619197104,0.0,0.0,0.028013092383940334,0.02801309238394208,0.028013092383940334,0.02801309238394208,0.0,0.028013092383941212,0.5,0.04345127510444812
1.05,expected,0.025,False,False,100,100,normal,0.2,2.0,1.2,1.5,0.4,0.31031429268356625,0.3141080068298949,0.3179017209762236,0.3216954351225523,0.32548914926888095,0.3292828634152096,0.3330765775615383,0.336870291707867,0.34066400585419565,0.3444577200005243,0.348251434146853,0.3520451482931817,0.35583886243951035,0.359632576585839,0.3634262907321677,0.3672200048784964,0.37101371902482505,0.3748074331711537,0.3786011473174824,0.3823948614638111,0.38618857561013975,0.3899822897564684,0.3937760039027971,0.3975697180491258,0.40136343219545445,0.4051571463417831,0.4089508604881118,0.4127445746344405,0.41653828878076915,0.4203320029270978,0.4241257170734265,0.4279194312197552,0.43171314536608385,0.4355068595124125,0.4393005736587412,0.4430942878050699,0.44688800195139855,0.4506817160977272,0.4544754302440559,0.4582691443903846,0.46206285853671325,0.4658565726830419,0.4696502868293706,0.4734440009756993,0.47723771512202795,0.4810314292683566,0.4848251434146853,0.488618857561014,0.49241257170734265,0.4962062858536713,0.5,0.5037937141463287,0.5075874282926573,0.511381142438986,0.5151748565853147,0.5189685707316434,0.522762284877972,0.5265559990243007,0.5303497131706294,0.5341434273169581,0.5379371414632867,0.5417308556096154,0.5455245697559441,0.5493182839022728,0.5531119980486014,0.5569057121949301,0.5606994263412588,0.5644931404875875,0.5682868546339161,0.5720805687802448,0.5758742829265735,0.5796679970729022,0.5834617112192308,0.5872554253655595,0.5910491395118882,0.5948428536582169,0.5986365678045455,0.6024302819508742,0.6062239960972029,0.6100177102435316,0.6138114243898602,0.6176051385361889,0.6213988526825176,0.6251925668288463,0.628986280975175,0.6327799951215036,0.6365737092678323,0.640367423414161,0.6441611375604896,0.6479548517068183,0.651748565853147,0.6555422799994757,0.6593359941458043,0.663129708292133,0.6669234224384617,0.6707171365847904,0.674510850731119,0.6783045648774477,0.6820982790237764,0.6858919931701051,0.6896857073164337,0.02635939244309535,0.02635939244309535,0.02635939244309535,0.0,0.0,0.0527187848861907,0.07907817732928606,0.0,0.02635939244309535,0.0,0.13179696221547674,0.0527187848861907,0.28995331687404885,0.02635939244309535,0.1054375697723814,0.1054375697723814,0.2108751395447628,0.07907817732928606,0.18451574710166743,0.3163127093171442,0.28995331687404885,0.4481096715326209,0.527187848861907,0.6326254186342885,0.6853442035204791,0.9225787355083372,1.0807350901669093,0.8698599506221466,1.7924386861304835,1.581563546585721,2.3723453198785815,2.293267142549295,2.477782889650963,3.4794398024885864,3.1367677007283468,4.191143398452161,4.507456107769305,5.245519096175975,5.561831805493119,6.194457224127407,6.352613578785979,7.117035959635745,7.907817732928605,7.53878623872527,8.197771049802654,8.67224011377837,8.804037075993847,9.489381279514326,8.461364974233607,9.225787355083373,9.225787355083373,8.461364974233607,9.489381279514326,8.804037075993847,8.67224011377837,8.197771049802654,7.53878623872527,7.907817732928605,7.117035959635745,6.352613578785979,6.194457224127407,5.561831805493119,5.245519096175975,4.507456107769305,4.191143398452161,3.1367677007283468,3.4794398024885864,2.477782889650963,2.293267142549295,2.3723453198785815,1.581563546585721,1.7924386861304835,0.8698599506221466,1.0807350901669093,0.9225787355083372,0.6853442035204791,0.6326254186342885,0.527187848861907,0.4481096715326209,0.28995331687404885,0.3163127093171442,0.18451574710166743,0.07907817732928606,0.2108751395447628,0.1054375697723814,0.1054375697723814,0.02635939244309535,0.28995331687404885,0.0527187848861907,0.13179696221547674,0.0,0.02635939244309535,0.0,0.07907817732928606,0.0527187848861907,0.0,0.0,0.02635939244309535,0.02635939244309535,0.02635939244309535,0.5,0.044070113730762236
1.05,expected,0.025,False,False,100,100,normal,0.2,2.0,1.6,0.5,0.1,0.1501827051533531,0.15717905105028604,0.164175396947219,0.17117174284415193,0.17816808874108486,0.1851644346380178,0.19216078053495073,0.19915712643188369,0.20615347232881662,0.21314981822574955,0.2201461641226825,0.22714251001961544,0.23413885591654837,0.2411352018134813,0.24813154771041424,0.2551278936073472,0.2621242395042801,0.2691205854012131,0.27611693129814596,0.28311327719507895,0.2901096230920119,0.2971059689889448,0.3041023148858778,0.3110986607828107,0.31809500667974366,0.32509135257667654,0.3320876984736095,0.33908404437054246,0.3460803902674754,0.3530767361644083,0.36007308206134125,0.36706942795827424,0.3740657738552071,0.3810621197521401,0.388058465649073,0.39505481154600597,0.40205115744293884,0.40904750333987183,0.4160438492368048,0.4230401951337377,0.4300365410306707,0.43703288692760356,0.44402923282453655,0.4510255787214694,0.4580219246184024,0.4650182705153354,0.4720146164122683,0.47901096230920126,0.48600730820613414,0.4930036541030671,0.5,0.506996345896933,0.5139926917938659,0.5209890376907989,0.5279853835877318,0.5349817294846647,0.5419780753815977,0.5489744212785306,0.5559707671754636,0.5629671130723964,0.5699634589693294,0.5769598048662624,0.5839561507631953,0.5909524966601283,0.5979488425570612,0.6049451884539941,0.611941534350927,0.61893788024786,0.6259342261447929,0.6329305720417259,0.6399269179386589,0.6469232638355917,0.6539196097325246,0.6609159556294576,0.6679123015263906,0.6749086474233235,0.6819049933202564,0.6889013392171893,0.6958976851141223,0.7028940310110552,0.7098903769079882,0.7168867228049212,0.723883068701854,0.730879414598787,0.7378757604957199,0.7448721063926529,0.7518684522895858,0.7588647981865188,0.7658611440834517,0.7728574899803846,0.7798538358773176,0.7868501817742505,0.7938465276711835,0.8008428735681163,0.8078392194650493,0.8148355653619822,0.8218319112589152,0.8288282571558482,0.8358246030527811,0.842820948949714,0.8498172948466469,0.01429317553379374,0.014293175533793683,0.01429317553379374,0.0,0.0,0.01429317553379374,0.014293175533793683,0.02858635106758748,0.02858635106758748,0.0,0.0714658776689687,0.04287952660138122,0.04287952660138122,0.0714658776689687,0.11434540427034902,0.10005222873655698,0.14293175533793626,0.1572249308717324,0.3001566862096662,0.22869080854069984,0.2858635106758748,0.3001566862096662,0.34303621281105245,0.500261143682777,0.7289519522234865,0.6288997234869196,0.7003656011558933,0.7861246543586558,1.000522287365562,1.1291608671697055,1.6151288353186797,1.6865947129876746,1.7723537661904099,2.0010445747311394,2.101096803467663,2.158269505602872,2.60135794715044,2.458426191812504,3.2731371972387926,3.2302576706373594,3.4732416547119063,3.2302576706373594,3.7876915164553715,4.05926185159739,4.087848202664977,4.016382324996073,4.788213803820865,4.345125362273331,4.445177591009818,4.530936644212652,4.53093664421258,4.445177591009888,4.345125362273262,4.788213803820865,4.016382324996073,4.087848202664977,4.059261851597454,3.787691516455311,3.230257670637411,3.473241654711851,3.2302576706373594,3.2731371972387926,2.458426191812504,2.6013579471504813,2.1582695056028376,2.1010968034676964,2.001044574731108,1.7723537661904378,1.686594712987648,1.6151288353186797,1.1291608671697144,1.0005222873655697,0.7861246543586495,0.7003656011558878,0.6288997234869296,0.728951952223475,0.5002611436827848,0.34303621281104707,0.30015668620967095,0.2858635106758725,0.22869080854069804,0.30015668620967095,0.1572249308717299,0.14293175533793853,0.1000522287365554,0.11434540427035084,0.07146587766896813,0.042879526601380884,0.04287952660138156,0.07146587766896813,0.0,0.028586351067587255,0.02858635106758771,0.014293175533793627,0.014293175533793855,0.0,0.0,0.014293175533793855,0.014293175533793627,0.014293175533793855,0.5,0.08862419425838369
1.05,expected,0.025,False,False,100,100,normal,0.2,2.0,1.6,0.5,0.2,0.12128305312293795,0.1288573920604792,0.13643173099802045,0.14400606993556167,0.15158040887310292,0.15915474781064415,0.1667290867481854,0.17430342568572665,0.18187776462326788,0.18945210356080913,0.19702644249835038,0.2046007814358916,0.21217512037343284,0.2197494593109741,0.22732379824851534,0.23489813718605657,0.24247247612359782,0.25004681506113907,0.2576211539986803,0.2651954929362215,0.2727698318737628,0.280344170811304,0.28791850974884525,0.29549284868638653,0.30306718762392776,0.310641526561469,0.3182158654990102,0.3257902044365515,0.3333645433740927,0.34093888231163394,0.3485132212491752,0.35608756018671645,0.36366189912425767,0.37123623806179895,0.3788105769993402,0.3863849159368814,0.3939592548744227,0.4015335938119639,0.40910793274950513,0.4166822716870464,0.42425661062458764,0.43183094956212886,0.4394052884996701,0.44697962743721137,0.4545539663747526,0.4621283053122938,0.4697026442498351,0.4772769831873763,0.48485132212491755,0.49242566106245883,0.5,0.5075743389375412,0.5151486778750825,0.5227230168126238,0.530297355750165,0.5378716946877062,0.5454460336252475,0.5530203725627887,0.5605947115003299,0.5681690504378712,0.5757433893754125,0.5833177283129537,0.5908920672504949,0.5984664061880361,0.6060407451255774,0.6136150840631186,0.6211894230006599,0.6287637619382012,0.6363381008757424,0.6439124398132836,0.6514867787508248,0.6590611176883662,0.6666354566259074,0.6742097955634486,0.6817841345009898,0.6893584734385311,0.6969328123760723,0.7045071513136135,0.7120814902511549,0.7196558291886961,0.7272301681262373,0.7348045070637785,0.7423788460013198,0.749953184938861,0.7575275238764022,0.7651018628139435,0.7726762017514848,0.780250540689026,0.7878248796265672,0.7953992185641084,0.8029735575016497,0.810547896439191,0.8181222353767322,0.8256965743142735,0.8332709132518147,0.8408452521893559,0.8484195911268971,0.8559939300644384,0.8635682690019797,0.8711426079395209,0.8787169468770621,0.02640494459638262,0.013202472298191284,0.0,0.0,0.039607416894574,0.013202472298191284,0.03960741689457386,0.0,0.013202472298191284,0.0,0.026404944596382665,0.026404944596382665,0.026404944596382568,0.026404944596382568,0.039607416894574,0.092417306087339,0.11882225068372157,0.13202472298191334,0.237644501367444,0.14522719528010358,0.22444202906925265,0.2640494459638267,0.448884058138502,0.43568158584031397,0.4488840581385053,0.6073137257168013,0.6469211426113706,0.673326087207758,0.7261359764005233,0.8581606993824303,1.307044757520942,1.2806398129245593,1.6635115095720958,1.7163213987648736,2.0859906231142307,2.2048128737979367,2.3236351244816746,2.5876845704455014,2.6272919873400564,3.023366156285815,3.5118576313188945,3.432642797529747,3.5646675205116343,3.630679882002617,3.921134272562826,3.7759070772826933,3.921134272562826,4.066361467842931,4.383220802999491,4.634067776665192,4.634067776665158,4.3832208029995225,4.066361467842871,3.921134272562826,3.775907077282721,3.921134272562826,3.630679882002617,3.5646675205116596,3.4326427975296965,3.5118576313188945,3.023366156285815,2.6272919873400755,2.5876845704455014,2.3236351244816746,2.2048128737979527,2.0859906231142,1.7163213987648736,1.663511509572108,1.2806398129245593,1.307044757520942,0.8581606993824241,0.7261359764005233,0.673326087207758,0.6469211426113753,0.6073137257168013,0.4488840581385053,0.43568158584031397,0.44888405813849874,0.2640494459638267,0.22444202906925265,0.14522719528010467,0.237644501367444,0.13202472298191334,0.118822250683722,0.09241730608733797,0.039607416894574,0.026404944596382665,0.026404944596382665,0.026404944596382665,0.026404944596382665,0.0,0.013202472298191333,0.0,0.039607416894574,0.013202472298191333,0.039607416894574,0.0,0.0,0.013202472298191333,0.026404944596382665,0.5,0.09294444324641879
1.05,expected,0.025,False,False,100,100,normal,0.2,2.0,1.6,0.5,0.3,0.12850047112125237,0.13593046169882733,0.1433604522764023,0.15079044285397725,0.15822043343155218,0.16565042400912713,0.1730804145867021,0.18051040516427705,0.187940395741852,0.19537038631942694,0.20280037689700192,0.21023036747457685,0.2176603580521518,0.22509034862972677,0.23252033920730172,0.23995032978487668,0.2473803203624516,0.2548103109400266,0.2622403015176015,0.26967029209517646,0.27710028267275144,0.2845302732503264,0.29196026382790136,0.2993902544054763,0.30682024498305127,0.3142502355606262,0.32168022613820113,0.3291102167157761,0.3365402072933511,0.343970197870926,0.35140018844850096,0.35883017902607595,0.3662601696036509,0.3736901601812258,0.3811201507588008,0.3885501413363758,0.39598013191395065,0.40341012249152564,0.4108401130691006,0.4182701036466755,0.4257000942242505,0.43313008480182547,0.44056007537940045,0.4479900659569753,0.4554200565345503,0.4628500471121253,0.47028003768970017,0.47771002826727516,0.48514001884485014,0.4925700094224251,0.5,0.507429990577575,0.51485998115515,0.5222899717327248,0.5297199623102998,0.5371499528878748,0.5445799434654498,0.5520099340430247,0.5594399246205997,0.5668699151981746,0.5742999057757495,0.5817298963533245,0.5891598869308995,0.5965898775084745,0.6040198680860493,0.6114498586636243,0.6188798492411993,0.6263098398187742,0.6337398303963492,0.6411698209739242,0.6485998115514992,0.656029802129074,0.663459792706649,0.670889783284224,0.678319773861799,0.6857497644393739,0.6931797550169488,0.7006097455945238,0.7080397361720987,0.7154697267496737,0.7228997173272487,0.7303297079048237,0.7377596984823985,0.7451896890599735,0.7526196796375485,0.7600496702151234,0.7674796607926984,0.7749096513702733,0.7823396419478483,0.7897696325254232,0.7971996231029982,0.8046296136805732,0.812059604258148,0.819489594835723,0.826919585413298,0.834349575990873,0.8417795665684479,0.8492095571460229,0.8566395477235978,0.8640695383011727,0.8714995288787477,0.013458967270001381,0.0,0.026917934540002762,0.0,0.0,0.0,0.013458967270001381,0.026917934540002762,0.02691793454000286,0.026917934540002658,0.0,0.053835869080005525,0.04037690181000414,0.09421277089000965,0.09421277089000965,0.08075380362000859,0.1480486399700146,0.1749665745100186,0.16150760724001717,0.20188450905001995,0.33647418175003324,0.26917934540002864,0.4037690181000429,0.5652766253400558,0.5787355926100615,0.6594893962300701,0.6594893962300652,0.901750807090089,1.090176348870124,1.1574711852201143,1.426650530620141,1.6150760724001716,1.534322268780163,1.6823709087501661,2.1534347632002127,2.1130578613902404,2.4226141086002393,2.907136930320287,3.041726603020346,3.1224804066403085,2.9609727994002926,3.472413555660343,3.7685108356004284,3.6204621956303575,3.701215999250366,3.580085293820407,4.293410559130424,3.781969802870374,4.1319029518904085,4.158820886430473,4.15882088643041,4.1319029518904085,3.7819698028704303,4.293410559130424,3.5800852938203533,3.701215999250366,3.6204621956304117,3.768510835600372,3.472413555660343,2.9609727994003365,3.1224804066403085,3.0417266030203005,2.907136930320287,2.4226141086002753,2.1130578613902085,2.1534347632002127,1.6823709087501912,1.5343222687801514,1.6150760724001596,1.426650530620141,1.1574711852201316,1.0901763488701077,0.901750807090089,0.6594893962300652,0.659489396230075,0.5787355926100571,0.5652766253400558,0.40376901810004595,0.2691793454000266,0.33647418175003324,0.20188450905001995,0.16150760724001836,0.1749665745100173,0.1480486399700146,0.08075380362000918,0.0942127708900093,0.0942127708900093,0.04037690181000399,0.05383586908000613,0.0,0.026917934540002658,0.026917934540003064,0.026917934540002658,0.013458967270001329,0.0,0.0,0.0,0.026917934540002658,0.0,0.013458967270001329,0.5,0.0950106102103285
1.05,expected,0.025,False,False,100,100,normal,0.2,2.0,1.6,0.5,0.4,0.1339470636443925,0.14126812237150463,0.1485891810986168,0.15591023982572894,0.1632312985528411,0.17055235727995324,0.1778734160070654,0.18519447473417755,0.1925155334612897,0.19983659218840183,0.207157650915514,0.21447870964262616,0.2217997683697383,0.22912082709685044,0.23644188582396258,0.24376294455107475,0.2510840032781869,0.25840506200529906,0.2657261207324112,0.2730471794595234,0.2803682381866355,0.28768929691374767,0.2950103556408598,0.30233141436797195,0.30965247309508415,0.31697353182219623,0.3242945905493084,0.33161564927642057,0.3389367080035327,0.3462577667306449,0.353578825457757,0.3608998841848692,0.3682209429119813,0.37554200163909346,0.38286306036620565,0.39018411909331774,0.39750517782042993,0.40482623654754213,0.4121472952746542,0.4194683540017664,0.4267894127288785,0.4341104714559907,0.4414315301831029,0.44875258891021497,0.45607364763732716,0.46339470636443925,0.47071576509155144,0.47803682381866364,0.4853578825457757,0.4926789412728879,0.5,0.5073210587271122,0.5146421174542244,0.5219631761813365,0.5292842349084487,0.5366052936355608,0.543926352362673,0.5512474110897851,0.5585684698168972,0.5658895285440094,0.5732105872711215,0.5805316459982337,0.5878527047253459,0.595173763452458,0.6024948221795702,0.6098158809066823,0.6171369396337945,0.6244579983609067,0.6317790570880187,0.6391001158151309,0.646421174542243,0.6537422332693552,0.6610632919964673,0.6683843507235795,0.6757054094506917,0.6830264681778038,0.690347526904916,0.697668585632028,0.7049896443591402,0.7123107030862524,0.7196317618133645,0.7269528205404767,0.7342738792675888,0.741594937994701,0.7489159967218132,0.7562370554489253,0.7635581141760375,0.7708791729031496,0.7782002316302618,0.785521290357374,0.792842349084486,0.8001634078115982,0.8074844665387103,0.8148055252658225,0.8221265839929347,0.8294476427200468,0.836768701447159,0.8440897601742711,0.8514108189013833,0.8587318776284955,0.8660529363556075,0.013659226585585108,0.013659226585585054,0.013659226585585108,0.0,0.013659226585585108,0.013659226585585054,0.0,0.05463690634234043,0.027318453171170216,0.02731845317117011,0.04097767975675516,0.05463690634234043,0.08195535951351064,0.15025149244143618,0.17756994561260572,0.09561458609909539,0.15025149244143618,0.16391071902702128,0.21854762536936004,0.327821438054045,0.3005029848828701,0.382458344396383,0.5190506102522341,0.6146651963513252,0.587346743180164,0.6829613292792502,0.7922351419639362,1.2293303927026595,1.1337158066035553,1.3932411117296915,1.3795818851440853,1.516174150999947,1.8303363624684044,1.8303363624683906,1.9122917219819293,2.3767054258917906,2.7181860905314155,2.8001414500449684,2.5679345980899804,3.141622114684598,3.3738289666394956,3.3874881932250807,3.892879576891785,3.291873607125986,3.838242670549444,3.9475164832340663,3.8655611237205556,3.810924217378274,3.8655611237205556,3.6743319515224218,3.674331951522366,3.8655611237205556,3.810924217378274,3.8655611237205556,3.947516483234126,3.838242670549386,3.291873607125986,3.892879576891785,3.3874881932250807,3.3738289666395467,3.1416221146845507,2.5679345980899804,2.8001414500449684,2.7181860905314155,2.3767054258918265,1.9122917219819007,1.8303363624683906,1.8303363624684181,1.5161741509999354,1.3795818851441064,1.3932411117296704,1.1337158066035724,1.2293303927026504,0.7922351419639302,0.6829613292792606,0.5873467431801551,0.6146651963513344,0.5190506102522301,0.3824583443963801,0.30050298488287464,0.32782143805404007,0.21854762536936337,0.16391071902702004,0.15025149244143504,0.09561458609909647,0.17756994561260503,0.15025149244143732,0.08195535951351002,0.05463690634234001,0.040977679756755626,0.027318453171170005,0.02731845317117042,0.05463690634234001,0.0,0.01365922658558521,0.013659226585585002,0.0,0.013659226585585002,0.013659226585585002,0.01365922658558521,0.5,0.09798817509274643
1.05,expected,0.025,False,False,100,100,normal,0.2,2.0,1.6,0.75,0.1,0.22765871219051964,0.23310553794670924,0.23855236370289884,0.24399918945908847,0.24944601521527807,0.2548928409714677,0.2603396667276573,0.2657864924838469,0.2712333182400365,0.2766801439962261,0.2821269697524157,0.2875737955086053,0.2930206212647949,0.2984674470209845,0.30391427277717414,0.30936109853336374,0.31480792428955334,0.32025475004574294,0.32570157580193254,0.3311484015581222,0.3365952273143118,0.3420420530705014,0.347488878826691,0.3529357045828806,0.3583825303390702,0.3638293560952598,0.3692761818514494,0.374723007607639,0.3801698333638286,0.3856166591200182,0.39106348487620785,0.39651031063239744,0.40195713638858704,0.40740396214477664,0.41285078790096624,0.4182976136571559,0.4237444394133455,0.4291912651695351,0.4346380909257247,0.4400849166819143,0.4455317424381039,0.4509785681942935,0.4564253939504831,0.4618722197066727,0.4673190454628623,0.4727658712190519,0.47821269697524155,0.48365952273143115,0.48910634848762075,0.49455317424381035,0.49999999999999994,0.5054468257561895,0.5108936515123792,0.5163404772685688,0.5217873030247584,0.527234128780948,0.5326809545371376,0.5381277802933272,0.5435746060495168,0.5490214318057064,0.554468257561896,0.5599150833180857,0.5653619090742752,0.5708087348304649,0.5762555605866544,0.5817023863428441,0.5871492120990336,0.5925960378552233,0.5980428636114128,0.6034896893676025,0.6089365151237921,0.6143833408799817,0.6198301666361713,0.6252769923923609,0.6307238181485505,0.6361706439047401,0.6416174696609298,0.6470642954171193,0.652511121173309,0.6579579469294985,0.6634047726856882,0.6688515984418777,0.6742984241980674,0.6797452499542569,0.6851920757104466,0.6906389014666362,0.6960857272228258,0.7015325529790154,0.706979378735205,0.7124262044913946,0.7178730302475842,0.7233198560037738,0.7287666817599634,0.7342135075161531,0.7396603332723426,0.7451071590285323,0.7505539847847218,0.7560008105409115,0.761447636297101,0.7668944620532907,0.7723412878094803,0.036718633742363865,0.0,0.01835931687118184,0.018359316871181933,0.0,0.036718633742363865,0.018359316871181933,0.036718633742363865,0.0,0.0550779506135458,0.07343726748472773,0.036718633742363865,0.018359316871181933,0.018359316871181745,0.14687453496945546,0.275389753067729,0.09179658435590966,0.31210838681009284,0.2570304361965445,0.4406236049083664,0.550779506135458,0.5140608723930941,0.5691388230066399,0.6425760904913677,0.8812472098167328,0.9730437941726424,1.2851521809827353,1.395308082209827,1.119918329142098,1.3402301315962672,1.891009637731739,1.891009637731739,2.3132739257689234,2.9191313825179273,2.5703043619654444,2.992568650002655,2.974209333131473,3.3964736211686577,3.6902226911075684,3.910534493561752,4.241002197243026,4.571469900924301,4.608188534666665,5.012093505832667,5.783184814422309,5.067171456446162,5.636310279452853,5.562873011968126,5.8566220819070365,5.746466180679945,5.746466180680003,5.8566220819069175,5.562873011968126,5.636310279452853,5.067171456446213,5.783184814422309,5.012093505832667,4.608188534666665,4.571469900924301,4.241002197243026,3.9105344935616717,3.690222691107644,3.3964736211685884,2.9742093331315336,2.992568650002594,2.570304361965523,2.9191313825178677,2.313273925768971,1.8910096377317005,1.891009637731739,1.340230131596281,1.119918329142098,1.395308082209827,1.2851521809827353,0.9730437941726424,0.8812472098167147,0.6425760904913808,0.5691388230066282,0.5140608723931045,0.5507795061354467,0.4406236049083754,0.2570304361965418,0.3121083868100992,0.09179658435590779,0.275389753067729,0.14687453496945546,0.018359316871181933,0.018359316871181933,0.036718633742363865,0.07343726748472773,0.0550779506135458,0.0,0.036718633742363116,0.018359316871182307,0.036718633742363116,0.0,0.018359316871181558,0.018359316871182307,0.0,0.036718633742363865,0.5,0.07053966018878303
1.05,expected,0.025,False,False,100,100,normal,0.2,2.0,1.6,0.75,0.2,0.21809519194218835,0.22373328810334459,0.22937138426450082,0.23500948042565706,0.24064757658681327,0.2462856727479695,0.2519237689091257,0.257561865070282,0.2631999612314382,0.2688380573925944,0.27447615355375066,0.2801142497149069,0.28575234587606313,0.29139044203721937,0.2970285381983756,0.30266663435953184,0.3083047305206881,0.3139428266818443,0.31958092284300055,0.32521901900415673,0.330857115165313,0.3364952113264692,0.34213330748762544,0.3477714036487817,0.3534094998099379,0.35904759597109415,0.3646856921322504,0.3703237882934066,0.37596188445456286,0.3815999806157191,0.3872380767768753,0.39287617293803156,0.39851426909918775,0.40415236526034404,0.4097904614215002,0.4154285575826565,0.4210666537438127,0.4267047499049689,0.43234284606612516,0.4379809422272814,0.44361903838843764,0.4492571345495939,0.4548952307107501,0.4605333268719063,0.4661714230330626,0.47180951919421876,0.477447615355375,0.48308571151653124,0.48872380767768747,0.4943619038388437,0.49999999999999994,0.5056380961611562,0.5112761923223124,0.5169142884834687,0.522552384644625,0.5281904808057811,0.5338285769669373,0.5394666731280936,0.5451047692892498,0.5507428654504061,0.5563809616115623,0.5620190577727184,0.5676571539338747,0.573295250095031,0.5789333462561872,0.5845714424173434,0.5902095385784997,0.595847634739656,0.6014857309008121,0.6071238270619683,0.6127619232231246,0.6184000193842808,0.6240381155454371,0.6296762117065933,0.6353143078677495,0.6409524040289057,0.646590500190062,0.6522285963512182,0.6578666925123744,0.6635047886735307,0.669142884834687,0.6747809809958432,0.6804190771569993,0.6860571733181556,0.6916952694793118,0.6973333656404681,0.7029714618016243,0.7086095579627805,0.7142476541239368,0.719885750285093,0.7255238464462492,0.7311619426074054,0.7368000387685616,0.742438134929718,0.7480762310908742,0.7537143272520304,0.7593524234131865,0.7649905195743429,0.7706286157354991,0.7762667118966553,0.7819048080578116,0.03547296716538883,0.0,0.017736483582694414,0.017736483582694505,0.0,0.017736483582694505,0.01773648358269424,0.10641890149616755,0.017736483582694414,0.05320945074808325,0.03547296716538883,0.17736483582694415,0.05320945074808325,0.1064189014961665,0.17736483582694415,0.03547296716538883,0.2305742865750274,0.26604725374041627,0.33699318807119727,0.5675674746462157,0.46114857315005936,0.3724661552365827,0.44341208956736045,0.7449323104731654,0.8868241791347209,0.8868241791347209,0.9577701134654985,0.9932430806308874,1.36570923586747,1.5785470388598186,1.8978037433482837,1.8800672597656267,2.34121583291564,2.5717901194907156,2.8733103403964675,2.7136819881522727,3.103884626971523,3.1748305613023007,3.4586142986254114,4.09712770760241,3.848816937444689,4.593749247917854,4.487330346421731,5.125843755398636,4.877532985241013,5.125843755398686,4.930742435989048,5.445100459887185,5.516046394217963,5.657938262879519,5.657938262879519,5.516046394218018,5.445100459887133,4.930742435988999,5.125843755398736,4.877532985241013,5.125843755398636,4.487330346421731,4.593749247917809,3.8488169374447265,4.097127707602451,3.458614298625377,3.1748305613022696,3.103884626971553,2.7136819881522727,2.8733103403964675,2.5717901194906654,2.3412158329156862,1.8800672597656267,1.8978037433482837,1.5785470388598186,1.3657092358674567,0.9932430806308971,0.9577701134655079,0.8868241791347122,0.8868241791347122,0.7449323104731729,0.44341208956736483,0.37246615523657906,0.4611485731500503,0.5675674746462269,0.33699318807119727,0.26604725374041366,0.23057428657502968,0.03547296716538848,0.1773648358269459,0.10641890149616755,0.053209450748082726,0.17736483582694243,0.03547296716538918,0.053209450748083774,0.01773648358269459,0.10641890149616336,0.01773648358269459,0.01773648358269459,0.0,0.017736483582693894,0.01773648358269459,0.0,0.03547296716538848,0.5,0.07393497947488818
1.05,expected,0.025,False,False,100,100,normal,0.2,2.0,1.6,0.75,0.3,0.2168475956772169,0.22251064376367255,0.22817369185012823,0.23383673993658388,0.23949978802303956,0.2451628361094952,0.25082588419595087,0.25648893228240655,0.2621519803688622,0.26781502845531785,0.27347807654177353,0.27914112462822915,0.28480417271468483,0.2904672208011405,0.2961302688875962,0.3017933169740518,0.3074563650605075,0.3131194131469632,0.3187824612334188,0.3244455093198745,0.33010855740633016,0.33577160549278584,0.34143465357924146,0.34709770166569714,0.35276074975215277,0.35842379783860845,0.36408684592506413,0.3697498940115198,0.37541294209797543,0.3810759901844311,0.38673903827088674,0.3924020863573424,0.3980651344437981,0.4037281825302538,0.40939123061670946,0.4150542787031651,0.42071732678962076,0.4263803748760764,0.43204342296253206,0.43770647104898774,0.4433695191354434,0.44903256722189905,0.45469561530835473,0.46035866339481035,0.46602171148126603,0.4716847595677217,0.4773478076541774,0.483010855740633,0.4886739038270887,0.4943369519135444,0.5,0.5056630480864557,0.5113260961729114,0.516989144259367,0.5226521923458227,0.5283152404322784,0.533978288518734,0.5396413366051896,0.5453043846916453,0.550967432778101,0.5566304808645566,0.5622935289510123,0.5679565770374679,0.5736196251239236,0.5792826732103793,0.584945721296835,0.5906087693832907,0.5962718174697463,0.601934865556202,0.6075979136426576,0.6132609617291133,0.6189240098155689,0.6245870579020246,0.6302501059884802,0.6359131540749359,0.6415762021613916,0.6472392502478472,0.6529022983343029,0.6585653464207586,0.6642283945072143,0.66989144259367,0.6755544906801256,0.6812175387665812,0.6868805868530369,0.6925436349394926,0.6982066830259481,0.7038697311124038,0.7095327791988595,0.7151958272853152,0.7208588753717708,0.7265219234582265,0.7321849715446822,0.7378480196311379,0.7435110677175935,0.7491741158040491,0.7548371638905048,0.7605002119769605,0.7661632600634162,0.7718263081498719,0.7774893562363275,0.7831524043227831,0.017658334959078068,0.01765833495907798,0.017658334959078068,0.0,0.05297500487723421,0.017658334959078068,0.0,0.03531666991815596,0.05297500487723446,0.05297500487723395,0.017658334959078155,0.07063333983631193,0.08829167479538991,0.24721668942709174,0.14126667967262524,0.17658334959077981,0.14126667967262385,0.3355083642224849,0.33550836422248165,0.3708250341406376,0.5120917138132615,0.6357000585268137,0.7239917333221972,0.7593084032403606,0.7946250731585092,1.0595000975446789,0.953550087790211,1.62456681623519,1.3773501268080826,1.62456681623519,1.818808500785032,2.171975199966592,2.2779252097210594,2.2602668747619816,2.6840669137798794,2.7723585885752433,3.3727419771839275,3.4433753170202066,3.5316669918155967,3.9201503609153123,3.9024920259562723,3.973125365792546,4.185025385301523,4.785408773910133,5.244525482846161,4.944333788541835,4.644142094237554,5.103258803173537,5.809592201536656,5.191550477968978,5.191550477968927,5.809592201536656,5.103258803173537,4.64414209423751,4.944333788541835,5.244525482846263,4.785408773910133,4.185025385301482,3.973125365792546,3.9024920259563105,3.9201503609153123,3.5316669918155967,3.4433753170202066,3.3727419771838947,2.7723585885752433,2.684066913779853,2.2602668747619816,2.2779252097210594,2.171975199966634,1.818808500785032,1.6245668162351743,1.3773501268080826,1.6245668162352063,0.953550087790211,1.0595000975446789,0.7946250731585092,0.7593084032403532,0.7239917333221972,0.6357000585268073,0.5120917138132615,0.3708250341406376,0.3355083642224882,0.33550836422248165,0.14126667967262385,0.17658334959078328,0.14126667967262385,0.24721668942709174,0.08829167479538991,0.07063333983631193,0.01765833495907798,0.05297500487723395,0.05297500487723395,0.03531666991815666,0.0,0.01765833495907798,0.05297500487723395,0.0,0.01765833495907798,0.01765833495907798,0.01765833495907833,0.5,0.07625239739105615
1.05,expected,0.025,False,False,100,100,normal,0.2,2.0,1.6,0.75,0.4,0.21886491658703544,0.22448761825529473,0.23011031992355402,0.2357330215918133,0.2413557232600726,0.24697842492833189,0.2526011265965912,0.25822382826485046,0.26384652993310975,0.26946923160136904,0.27509193326962833,0.2807146349378876,0.2863373366061469,0.2919600382744062,0.29758273994266554,0.30320544161092483,0.3088281432791841,0.3144508449474434,0.3200735466157027,0.325696248283962,0.3313189499522213,0.33694165162048056,0.34256435328873985,0.34818705495699914,0.35380975662525843,0.3594324582935177,0.365055159961777,0.37067786163003635,0.37630056329829564,0.38192326496655493,0.3875459666348142,0.3931686683030735,0.3987913699713328,0.4044140716395921,0.4100367733078514,0.41565947497611067,0.42128217664436995,0.42690487831262924,0.43252757998088853,0.4381502816491478,0.4437729833174071,0.4493956849856664,0.4550183866539257,0.460641088322185,0.46626378999044427,0.47188649165870356,0.47750919332696284,0.48313189499522213,0.4887545966634814,0.4943772983317407,0.5,0.5056227016682593,0.5112454033365186,0.5168681050047779,0.5224908066730372,0.5281135083412964,0.5337362100095557,0.539358911677815,0.5449816133460743,0.5506043150143336,0.5562270166825929,0.5618497183508522,0.5674724200191115,0.5730951216873708,0.57871782335563,0.5843405250238893,0.5899632266921486,0.5955859283604079,0.6012086300286672,0.6068313316969265,0.6124540333651858,0.6180767350334451,0.6236994367017044,0.6293221383699636,0.6349448400382229,0.6405675417064823,0.6461902433747416,0.6518129450430009,0.6574356467112602,0.6630583483795195,0.6686810500477788,0.6743037517160381,0.6799264533842974,0.6855491550525566,0.6911718567208159,0.6967945583890752,0.7024172600573345,0.7080399617255938,0.7136626633938531,0.7192853650621124,0.7249080667303717,0.730530768398631,0.7361534700668902,0.7417761717351495,0.7473988734034088,0.7530215750716681,0.7586442767399274,0.7642669784081867,0.769889680076446,0.7755123817447053,0.7811350834129646,0.017785044610228916,0.0,0.017785044610228916,0.05335513383068675,0.03557008922045783,0.017785044610228916,0.017785044610228916,0.05335513383068675,0.05335513383068675,0.03557008922045783,0.1067102676613735,0.07114017844091566,0.12449531227160242,0.10671026766137245,0.19563549071251807,0.17785044610228914,0.23120557993297589,0.30234575837389155,0.37348593681480724,0.49798124908640967,0.7647569182398434,0.6046915167477831,0.6046915167477831,0.7469718736296145,1.031532587393277,0.8892522305114459,1.316093301156927,1.4050185242080844,1.7429343718024337,1.6717941933615181,2.0452801301763253,1.9563549071251807,2.4365511116013616,2.6499716469241084,3.0412426283491443,2.738896869975253,3.094597762179831,3.396943520553723,3.663719189707156,4.143915394183337,4.143915394183337,4.303980795675398,4.410691063336771,4.641896643269747,4.535186375608374,5.228803115407301,4.517401330998145,4.588541509439061,5.033167624694784,5.0865227585254695,5.0865227585254695,5.033167624694784,4.588541509439061,4.517401330998145,5.228803115407301,4.535186375608374,4.641896643269747,4.410691063336771,4.303980795675398,4.143915394183337,4.143915394183337,3.663719189707156,3.396943520553723,3.094597762179831,2.738896869975253,3.0412426283491443,2.6499716469241084,2.4365511116013616,1.9563549071251807,2.0452801301763253,1.6717941933615181,1.7429343718024337,1.4050185242080844,1.3160933011569398,0.8892522305114282,1.031532587393277,0.7469718736296145,0.6046915167477831,0.6046915167477831,0.7647569182398434,0.49798124908640967,0.37348593681480724,0.30234575837389155,0.23120557993297589,0.17785044610228914,0.19563549071251807,0.1067102676613735,0.12449531227160242,0.07114017844091566,0.1067102676613735,0.03557008922045783,0.05335513383068675,0.05335513383068675,0.017785044610228916,0.017785044610228916,0.03557008922045783,0.05335513383068675,0.017785044610228916,0.0,0.017785044610228916,0.5,0.07787078384716807
1.05,expected,0.025,False,False,100,100,normal,0.2,2.0,1.6,1.0,0.1,0.28025283866383505,0.28464778189055834,0.28904272511728163,0.2934376683440049,0.29783261157072827,0.30222755479745156,0.30662249802417485,0.31101744125089814,0.31541238447762143,0.3198073277043447,0.324202270931068,0.32859721415779136,0.33299215738451465,0.33738710061123794,0.34178204383796124,0.3461769870646845,0.3505719302914079,0.35496687351813117,0.35936181674485446,0.36375675997157775,0.36815170319830104,0.37254664642502433,0.3769415896517476,0.3813365328784709,0.38573147610519426,0.39012641933191755,0.39452136255864084,0.39891630578536413,0.4033112490120875,0.40770619223881077,0.41210113546553406,0.41649607869225735,0.42089102191898065,0.42528596514570394,0.42968090837242723,0.4340758515991505,0.4384707948258738,0.44286573805259716,0.44726068127932045,0.45165562450604374,0.45605056773276703,0.4604455109594904,0.46484045418621367,0.46923539741293696,0.47363034063966025,0.47802528386638354,0.48242022709310683,0.4868151703198301,0.4912101135465534,0.4956050567732767,0.5,0.5043949432267234,0.5087898864534466,0.51318482968017,0.5175797729068933,0.5219747161336166,0.5263696593603399,0.5307646025870632,0.5351595458137864,0.5395544890405097,0.543949432267233,0.5483443754939563,0.5527393187206797,0.5571342619474029,0.5615292051741263,0.5659241484008495,0.5703190916275729,0.5747140348542961,0.5791089780810195,0.5835039213077428,0.587898864534466,0.5922938077611893,0.5966887509879126,0.6010836942146359,0.6054786374413592,0.6098735806680826,0.6142685238948058,0.6186634671215292,0.6230584103482524,0.6274533535749758,0.631848296801699,0.6362432400284224,0.6406381832551457,0.645033126481869,0.6494280697085922,0.6538230129353155,0.6582179561620388,0.6626128993887621,0.6670078426154855,0.6714027858422087,0.6757977290689321,0.6801926722956553,0.6845876155223787,0.688982558749102,0.6933775019758253,0.6977724452025486,0.7021673884292718,0.7065623316559951,0.7109572748827184,0.7153522181094417,0.719747161336165,0.04550684495397059,0.06826026743095588,0.0,0.0,0.04550684495397059,0.04550684495397059,0.0,0.06826026743095588,0.11376711238492647,0.06826026743095588,0.15927395733889502,0.13652053486191176,0.2730410697238235,0.18202737981588235,0.3413013371547794,0.22753422476985005,0.3185479146777941,0.4550684495397059,0.3413013371547794,0.5005752944936764,0.3413013371547794,0.5688355619246322,0.6370958293555882,0.8191232091714602,1.2286848137572057,1.0694108564183087,1.2741916587111763,1.5699861509119653,1.6609998408199262,2.184328557790588,2.593890162376323,2.6849038522842643,2.957944922008088,3.3675065265938233,3.162725724300955,4.072862623380367,3.9363420885184057,4.0046023559494115,4.232136580719264,5.506328239430441,5.142273479798611,5.642848774292352,5.551835084384411,5.756615886677278,6.006903533924117,6.188930913739999,6.735013053187647,7.008054122911469,7.190081502727352,7.281095192635294,7.281095192635108,7.190081502727534,7.008054122911293,6.735013053187647,6.188930913739999,6.006903533924117,5.756615886677278,5.551835084384411,5.642848774292352,5.142273479798676,5.506328239430441,4.232136580719157,4.004602355949512,3.9363420885183555,4.072862623380471,3.1627257243008757,3.367506526593908,2.9579449220080134,2.6849038522842643,2.593890162376323,2.184328557790588,1.6609998408199262,1.5699861509119852,1.2741916587111763,1.0694108564182818,1.2286848137572368,0.8191232091714498,0.6370958293556043,0.5688355619246179,0.341301337154788,0.5005752944936638,0.3413013371547794,0.4550684495397059,0.3185479146777941,0.22753422476985294,0.3413013371547794,0.18202737981588235,0.2730410697238166,0.13652053486191518,0.15927395733889302,0.06826026743095759,0.11376711238492357,0.06826026743095588,0.0,0.04550684495397059,0.04550684495397059,0.0,0.0,0.06826026743095588,0.04550684495397059,0.5,0.05893450284492405
1.05,expected,0.025,False,False,100,100,normal,0.2,2.0,1.6,1.0,0.2,0.25009277699405885,0.25509092145417767,0.2600890659142965,0.2650872103744153,0.27008535483453416,0.275083499294653,0.2800816437547718,0.2850797882148906,0.2900779326750094,0.29507607713512823,0.3000742215952471,0.3050723660553659,0.31007051051548473,0.31506865497560355,0.32006679943572236,0.3250649438958412,0.33006308835596,0.33506123281607886,0.34005937727619767,0.3450575217363165,0.3500556661964353,0.3550538106565541,0.360051955116673,0.3650500995767918,0.3700482440369106,0.3750463884970294,0.38004453295714824,0.38504267741726705,0.39004082187738587,0.3950389663375047,0.4000371107976235,0.40503525525774237,0.4100333997178612,0.41503154417798,0.42002968863809886,0.4250278330982177,0.4300259775583365,0.4350241220184553,0.4400222664785741,0.44502041093869293,0.45001855539881175,0.45501669985893056,0.4600148443190494,0.4650129887791682,0.47001113323928706,0.4750092776994059,0.4800074221595247,0.48500556661964356,0.49000371107976237,0.4950018555398812,0.5,0.5049981444601188,0.5099962889202376,0.5149944333803564,0.5199925778404753,0.5249907223005941,0.5299888667607129,0.5349870112208317,0.5399851556809505,0.5449833001410693,0.5499814446011881,0.5549795890613071,0.5599777335214259,0.5649758779815447,0.5699740224416635,0.5749721669017823,0.5799703113619011,0.58496845582202,0.5899666002821389,0.5949647447422577,0.5999628892023765,0.6049610336624953,0.6099591781226141,0.614957322582733,0.6199554670428518,0.6249536115029706,0.6299517559630894,0.6349499004232082,0.639948044883327,0.6449461893434458,0.6499443338035646,0.6549424782636835,0.6599406227238023,0.6649387671839211,0.6699369116440399,0.6749350561041587,0.6799332005642775,0.6849313450243965,0.6899294894845153,0.6949276339446341,0.6999257784047529,0.7049239228648717,0.7099220673249905,0.7149202117851094,0.7199183562452283,0.7249165007053471,0.7299146451654659,0.7349127896255847,0.7399109340857035,0.7449090785458223,0.7499072230059411,0.02000742491496991,0.0,0.0,0.02000742491496969,0.04001484982993982,0.02000742491496991,0.02000742491496991,0.04001484982993982,0.02000742491496991,0.08002969965987876,0.0,0.10003712457484955,0.04001484982993982,0.12004454948981948,0.18006682423472922,0.10003712457484955,0.12004454948981813,0.26009652389460886,0.2000742491496991,0.2000742491496991,0.26009652389460886,0.4001484982993938,0.460170773044308,0.6602450221940072,0.7202672969389169,0.8203044215137665,0.6602450221940072,0.9803638208335257,1.5205642935377133,1.5205642935377133,1.7806608174323024,2.1608018908167503,2.4008909897963893,2.58095781403109,3.1211582867353065,2.961098887415547,3.9214552833341028,3.9214552833341028,4.5216780307832,4.8017819795927785,4.181551807228711,5.241945327722116,5.361989877211936,5.16191562806218,6.1422794488957635,6.182294298725703,6.242316573470544,6.4223833977053415,6.64246507177001,6.7024873465149195,6.7024873465149195,6.64246507177001,6.4223833977053415,6.242316573470613,6.182294298725703,6.1422794488957635,5.161915628062237,5.361989877211936,5.241945327722116,4.181551807228711,4.801781979592672,4.5216780307832,3.9214552833341028,3.9214552833341028,2.961098887415547,3.1211582867353065,2.5809578140311187,2.400890989796336,2.1608018908167503,1.780660817432322,1.5205642935377133,1.5205642935377133,0.9803638208335257,0.6602450221940072,0.8203044215137665,0.7202672969389169,0.6602450221940072,0.460170773044308,0.4001484982993982,0.26009652389460886,0.2000742491496991,0.2000742491496991,0.26009652389460886,0.12004454948981948,0.10003712457484955,0.18006682423472922,0.12004454948981681,0.04001484982993982,0.10003712457484955,0.0,0.08002969965987965,0.02000742491496991,0.040014849829938935,0.02000742491496991,0.02000742491496991,0.04001484982993982,0.02000742491496991,0.0,0.0,0.02000742491496991,0.5,0.06105347096919201
1.05,expected,0.025,False,False,100,100,normal,0.2,2.0,1.6,1.0,0.3,0.21388783510345408,0.219610078401385,0.2253323216993159,0.23105456499724683,0.23677680829517775,0.24249905159310867,0.24822129489103958,0.25394353818897053,0.25966578148690145,0.26538802478483237,0.2711102680827633,0.2768325113806942,0.2825547546786251,0.28827699797655604,0.29399924127448696,0.2997214845724179,0.3054437278703488,0.3111659711682797,0.3168882144662106,0.32261045776414154,0.32833270106207246,0.3340549443600034,0.3397771876579343,0.3454994309558652,0.35122167425379613,0.35694391755172705,0.36266616084965797,0.3683884041475889,0.3741106474455198,0.3798328907434507,0.38555513404138164,0.39127737733931256,0.3969996206372435,0.4027218639351744,0.4084441072331053,0.41416635053103623,0.41988859382896715,0.42561083712689807,0.431333080424829,0.4370553237227599,0.4427775670206908,0.44849981031862174,0.45422205361655266,0.4599442969144836,0.4656665402124145,0.4713887835103454,0.47711102680827633,0.48283327010620725,0.48855551340413816,0.4942777567020691,0.5,0.5057222432979309,0.5114444865958618,0.5171667298937928,0.5228889731917237,0.5286112164896546,0.5343334597875855,0.5400557030855164,0.5457779463834473,0.5515001896813783,0.5572224329793092,0.5629446762772401,0.568666919575171,0.5743891628731019,0.5801114061710329,0.5858336494689638,0.5915558927668947,0.5972781360648256,0.6030003793627565,0.6087226226606874,0.6144448659586184,0.6201671092565493,0.6258893525544802,0.6316115958524111,0.637333839150342,0.643056082448273,0.6487783257462039,0.6545005690441348,0.6602228123420657,0.6659450556399966,0.6716672989379275,0.6773895422358585,0.6831117855337894,0.6888340288317203,0.6945562721296512,0.7002785154275821,0.706000758725513,0.711723002023444,0.717445245321375,0.7231674886193059,0.7288897319172368,0.7346119752151677,0.7403342185130987,0.7460564618110296,0.7517787051089605,0.7575009484068914,0.7632231917048223,0.7689454350027533,0.7746676783006842,0.7803899215986151,0.786112164896546,0.017475663790136046,0.0,0.0,0.0,0.0,0.0,0.0,0.017475663790136046,0.0,0.017475663790136046,0.0,0.017475663790136046,0.017475663790136046,0.08737831895068021,0.10485398274081627,0.08737831895068021,0.06990265516054418,0.1223296465309523,0.13980531032108837,0.13980531032108837,0.1572809741112244,0.22718362927176858,0.384464603382993,0.33203761201258486,0.5592212412843535,0.5592212412843535,0.8737831895068022,0.8388318619265301,0.8388318619265301,1.1708694739391148,1.555334077322108,2.0446526634459175,1.992225672075509,2.2194093013472775,2.2194093013472775,2.5339712495697264,2.988338508113263,3.2679491287554403,3.687365059718705,3.7223163872989775,3.6349380683482972,4.456294266484691,5.225223473250677,5.539785421473126,5.976677016226526,6.151433654127888,5.330077455991494,6.151433654127888,5.836871705905439,6.064055335177207,6.064055335177207,5.836871705905439,6.151433654127888,5.330077455991494,6.151433654127888,5.976677016226526,5.539785421473126,5.225223473250677,4.456294266484691,3.6349380683482972,3.7223163872989775,3.687365059718705,3.2679491287554403,2.988338508113263,2.5339712495697264,2.2194093013472775,2.2194093013472775,1.992225672075509,2.0446526634459175,1.555334077322108,1.1708694739391148,0.8388318619265301,0.8388318619265301,0.8737831895068022,0.5592212412843535,0.5592212412843535,0.33203761201258486,0.384464603382993,0.22718362927176858,0.1572809741112244,0.13980531032108837,0.13980531032108837,0.1223296465309523,0.06990265516054418,0.08737831895068021,0.10485398274081627,0.08737831895068021,0.017475663790135702,0.017475663790136046,0.0,0.017475663790136046,0.0,0.017475663790136046,0.0,0.0,0.0,0.0,0.0,0.0,0.017475663790136046,0.5,0.0654594503424531
1.05,expected,0.025,False,False,100,100,normal,0.2,2.0,1.6,1.0,0.4,0.18988887668689688,0.19609109915315895,0.202293321619421,0.20849554408568308,0.21469776655194514,0.2208999890182072,0.22710221148446927,0.23330443395073133,0.2395066564169934,0.24570887888325546,0.2519111013495175,0.25811332381577956,0.2643155462820416,0.2705177687483037,0.27671999121456575,0.2829222136808278,0.2891244361470899,0.29532665861335194,0.301528881079614,0.3077311035458761,0.31393332601213814,0.3201355484784002,0.32633777094466226,0.33253999341092433,0.3387422158771864,0.34494443834344846,0.3511466608097105,0.3573488832759726,0.36355110574223465,0.3697533282084967,0.3759555506747588,0.38215777314102084,0.3883599956072829,0.39456221807354497,0.40076444053980703,0.4069666630060691,0.41316888547233116,0.4193711079385932,0.4255733304048553,0.43177555287111735,0.4379777753373794,0.4441799978036415,0.4503822202699035,0.4565844427361656,0.4627866652024276,0.46898888766868974,0.47519111013495174,0.48139333260121386,0.48759555506747587,0.493797777533738,0.5,0.5062022224662621,0.5124044449325241,0.5186066673987862,0.5248088898650483,0.5310111123313104,0.5372133347975724,0.5434155572638345,0.5496177797300965,0.5558200021963586,0.5620222246626206,0.5682244471288828,0.5744266695951448,0.5806288920614069,0.5868311145276689,0.593033336993931,0.599235559460193,0.6054377819264551,0.6116400043927172,0.6178422268589793,0.6240444493252413,0.6302466717915034,0.6364488942577654,0.6426511167240275,0.6488533391902895,0.6550555616565517,0.6612577841228137,0.6674600065890758,0.6736622290553378,0.6798644515215999,0.6860666739878619,0.692268896454124,0.698471118920386,0.7046733413866482,0.7108755638529102,0.7170777863191723,0.7232800087854343,0.7294822312516964,0.7356844537179584,0.7418866761842206,0.7480888986504826,0.7542911211167447,0.7604933435830067,0.7666955660492688,0.7728977885155308,0.7791000109817929,0.7853022334480549,0.7915044559143171,0.7977066783805791,0.8039089008468412,0.8101111233131032,0.01612325267982006,0.0,0.0,0.0,0.0,0.0,0.0,0.0,0.0,0.0,0.0,0.01612325267982006,0.01612325267982006,0.01612325267982006,0.01612325267982006,0.01612325267982006,0.06449301071928024,0.03224650535964012,0.03224650535964012,0.1612325267982006,0.14510927411838054,0.1934790321578407,0.24184879019730088,0.3224650535964012,0.3547115589560413,0.4353278223551416,0.548190591113882,0.5965603491533422,0.6288068545129823,0.8706556447102832,1.1608741929470443,1.4994624992232655,1.6606950260214661,1.9025438162187671,2.2572553751748083,2.2895018805344485,2.482980912692289,2.8376924716483303,3.4503760734814923,3.901827148516454,3.901827148516454,4.321031718191814,4.820852551266155,4.788606045906601,5.352919889700212,5.417412900419588,5.75600120669571,6.013973249572936,6.304191797809587,5.772124459375633,5.772124459375529,6.3041917978096995,6.013973249572828,5.756001206695813,5.4174129004194915,5.352919889700307,4.788606045906515,4.820852551266241,4.321031718191738,3.9018271485164893,3.9018271485164195,3.450376073481524,2.837692471648305,2.482980912692311,2.289501880534428,2.2572553751748283,1.90254381621875,1.660695026021481,1.4994624992232521,1.1608741929470547,0.8706556447102753,0.628806854512988,0.5965603491533369,0.5481905911138869,0.4353278223551377,0.35471155895604445,0.3224650535963983,0.24184879019730307,0.19347903215783896,0.14510927411838184,0.16123252679819916,0.03224650535964041,0.032246505359639833,0.06449301071928082,0.016123252679819917,0.016123252679820205,0.016123252679819917,0.016123252679820205,0.016123252679819917,0.0,0.0,0.0,0.0,0.0,0.0,0.0,0.0,0.0,0.0,0.016123252679820205,0.5,0.06625241555548814
1.05,expected,0.025,False,False,100,100,normal,0.2,2.0,1.6,1.25,0.1,0.3074857982647999,0.3113360822995039,0.3151863663342079,0.3190366503689119,0.3228869344036159,0.3267372184383199,0.3305875024730239,0.3344377865077279,0.3382880705424319,0.3421383545771359,0.3459886386118399,0.3498389226465439,0.3536892066812479,0.3575394907159519,0.3613897747506559,0.3652400587853599,0.3690903428200639,0.3729406268547679,0.3767909108894719,0.3806411949241759,0.3844914789588799,0.3883417629935839,0.3921920470282879,0.3960423310629919,0.3998926150976959,0.4037428991323999,0.4075931831671039,0.4114434672018079,0.4152937512365119,0.4191440352712159,0.4229943193059199,0.4268446033406239,0.4306948873753279,0.4345451714100319,0.4383954554447359,0.4422457394794399,0.4460960235141439,0.4499463075488479,0.45379659158355196,0.45764687561825595,0.46149715965295995,0.46534744368766395,0.46919772772236795,0.47304801175707195,0.47689829579177595,0.48074857982647995,0.48459886386118395,0.48844914789588795,0.49229943193059195,0.496149715965296,0.5,0.503850284034704,0.507700568069408,0.511550852104112,0.515401136138816,0.51925142017352,0.523101704208224,0.526951988242928,0.530802272277632,0.534652556312336,0.53850284034704,0.542353124381744,0.546203408416448,0.550053692451152,0.553903976485856,0.55775426052056,0.561604544555264,0.565454828589968,0.569305112624672,0.573155396659376,0.57700568069408,0.580855964728784,0.584706248763488,0.588556532798192,0.592406816832896,0.5962571008676001,0.600107384902304,0.6039576689370081,0.607807952971712,0.6116582370064161,0.61550852104112,0.6193588050758241,0.623209089110528,0.6270593731452321,0.630909657179936,0.6347599412146401,0.638610225249344,0.6424605092840481,0.646310793318752,0.6501610773534561,0.65401136138816,0.6578616454228641,0.661711929457568,0.6655622134922721,0.669412497526976,0.6732627815616801,0.677113065596384,0.6809633496310881,0.6848136336657921,0.6886639177004961,0.6925142017352001,0.02597210987518425,0.02597210987518425,0.02597210987518425,0.07791632962555275,0.0519442197503685,0.103888439500737,0.02597210987518425,0.0519442197503685,0.07791632962555275,0.07791632962555163,0.07791632962555275,0.311665318502211,0.12986054937592126,0.18180476912628976,0.3376374283773953,0.1558326592511055,0.207776879001474,0.311665318502211,0.3636095382525795,0.3376374283773953,0.7012469666299749,0.519442197503685,0.5973585271292378,1.246661274008844,1.0129122851321857,1.4804102628855025,1.3245776036343968,1.8699919110132661,1.6102708122614235,2.207629339390661,2.6491552072687936,2.7010994270191624,3.7140117121513483,3.2984579541484003,2.779015756644715,4.441230788656507,4.493175008406876,5.194421975036775,4.674979777533165,5.791780502166088,6.726776457672722,6.960525446549379,6.622888018171984,6.77872067742309,7.791632962555275,7.4799676440530645,7.583856083553801,7.895521402056013,7.921493511931083,8.830517357562645,8.830517357562645,7.921493511931197,7.895521402056013,7.583856083553801,7.4799676440530645,7.791632962555275,6.77872067742309,6.622888018171984,6.960525446549379,6.726776457672722,5.791780502166088,4.674979777533165,5.1944219750368505,4.493175008406876,4.441230788656507,2.779015756644715,3.2984579541484003,3.7140117121513483,2.7010994270191624,2.6491552072687936,2.207629339390661,1.6102708122614235,1.8699919110132661,1.3245776036343968,1.4804102628854596,1.012912285132215,1.246661274008808,0.5973585271292551,0.5194421975036702,0.7012469666299951,0.33763742837738553,0.36360953825259,0.311665318502202,0.20777687900148004,0.155832659251101,0.337637428377405,0.18180476912628454,0.129860549375925,0.311665318502202,0.077916329625555,0.0779163296255505,0.077916329625555,0.051944219750367004,0.025972109875185004,0.10388843950073401,0.05194421975037001,0.0779163296255505,0.02597210987518425,0.02597210987518425,0.02597210987518425,0.5,0.05007531780131664
1.05,expected,0.025,False,False,100,100,normal,0.2,2.0,1.6,1.25,0.2,0.2796289526271254,0.2840363735745829,0.2884437945220404,0.2928512154694979,0.2972586364169554,0.3016660573644129,0.3060734783118704,0.3104808992593278,0.3148883202067853,0.3192957411542428,0.3237031621017003,0.3281105830491578,0.3325180039966153,0.3369254249440728,0.3413328458915303,0.3457402668389878,0.3501476877864453,0.3545551087339028,0.3589625296813602,0.3633699506288177,0.3677773715762752,0.3721847925237327,0.3765922134711902,0.3809996344186477,0.3854070553661052,0.3898144763135627,0.3942218972610202,0.3986293182084777,0.4030367391559352,0.4074441601033927,0.4118515810508502,0.4162590019983077,0.4206664229457652,0.42507384389322267,0.42948126484068017,0.43388868578813766,0.4382961067355951,0.4427035276830526,0.4471109486305101,0.4515183695779676,0.4559257905254251,0.4603332114728826,0.46474063242034,0.4691480533677975,0.473555474315255,0.4779628952627125,0.48237031621017,0.4867777371576275,0.491185158105085,0.4955925790525425,0.5,0.5044074209474575,0.508814841894915,0.5132222628423725,0.51762968378983,0.5220371047372875,0.526444525684745,0.5308519466322025,0.53525936757966,0.5396667885271174,0.544074209474575,0.5484816304220324,0.55288905136949,0.5572964723169473,0.561703893264405,0.5661113142118623,0.57051873515932,0.5749261561067773,0.5793335770542349,0.5837409980016923,0.5881484189491499,0.5925558398966073,0.5969632608440648,0.6013706817915223,0.6057781027389798,0.6101855236864373,0.6145929446338948,0.6190003655813523,0.6234077865288098,0.6278152074762673,0.6322226284237248,0.6366300493711823,0.6410374703186398,0.6454448912660973,0.6498523122135547,0.6542597331610123,0.6586671541084697,0.6630745750559273,0.6674819960033846,0.6718894169508423,0.6762968378982996,0.6807042588457572,0.6851116797932146,0.6895191007406722,0.6939265216881296,0.6983339426355872,0.7027413635830446,0.7071487845305021,0.7115562054779596,0.7159636264254171,0.7203710473728746,0.04537801185416014,0.0,0.0,0.0,0.04537801185416014,0.06806701778124022,0.0,0.0,0.04537801185416014,0.0,0.04537801185416014,0.02268900592708007,0.06806701778124022,0.02268900592708007,0.02268900592708007,0.18151204741664057,0.20420105334372063,0.13613403556248213,0.24957906519788076,0.4537801185416014,0.2722680711249609,0.4310911126145214,0.20420105334372063,0.5899141541040818,0.7941152074478025,0.5445361422499218,1.1117612904269234,1.1117612904269234,1.588230414895605,1.656297432676845,1.7243644504580855,2.3142786045621673,2.4277236341975676,2.926881764593329,3.24452784757245,3.516795918697455,3.834442001676532,3.993265043166092,4.288222120218133,5.468050428426297,5.808385517332498,5.876452535113812,6.057964582530379,6.4436776832907405,7.215103884811462,6.942835813686502,8.848712311561227,7.578127979644743,7.759640027061384,7.260481896665622,7.260481896665622,7.759640027061384,7.578127979644743,8.848712311561227,6.942835813686502,7.215103884811462,6.4436776832907405,6.057964582530379,5.876452535113887,5.8083855173323515,5.468050428426435,4.288222120218026,3.9932650431661934,3.834442001676435,3.516795918697499,3.2445278475723685,2.9268817645934027,2.4277236341975064,2.3142786045622254,1.7243644504580418,1.656297432676887,1.588230414895605,1.1117612904269234,1.1117612904269234,0.5445361422499218,0.7941152074478025,0.5899141541040818,0.20420105334372063,0.4310911126145214,0.2722680711249609,0.4537801185416014,0.24957906519788076,0.13613403556248044,0.2042010533437258,0.18151204741663599,0.022689005927080643,0.022689005927079498,0.06806701778124193,0.022689005927079498,0.045378011854161286,0.0,0.045378011854161286,0.0,0.0,0.0680670177812385,0.045378011854161286,0.0,0.0,0.0,0.04537801185416014,0.5,0.05172975525627123
1.05,expected,0.025,False,False,100,100,normal,0.2,2.0,1.6,1.25,0.3,0.2854139139672341,0.28970563568788943,0.2939973574085447,0.29828907912920005,0.30258080084985534,0.3068725225705107,0.311164244291166,0.3154559660118213,0.31974768773247664,0.3240394094531319,0.32833113117378726,0.3326228528944426,0.3369145746150979,0.3412062963357532,0.34549801805640856,0.34978973977706385,0.3540814614977192,0.35837318321837447,0.3626649049390298,0.3669566266596851,0.37124834838034043,0.37554007010099577,0.37983179182165105,0.3841235135423064,0.38841523526296173,0.392706956983617,0.39699867870427236,0.4012904004249277,0.405582122145583,0.4098738438662383,0.41416556558689366,0.41845728730754894,0.4227490090282042,0.42704073074885956,0.4313324524695149,0.4356241741901702,0.4399158959108255,0.44420761763148087,0.44849933935213615,0.4527910610727915,0.45708278279344683,0.4613745045141021,0.4656662262347574,0.46995794795541274,0.4742496696760681,0.47854139139672336,0.4828331131173787,0.48712483483803404,0.4914165565586893,0.49570827827934466,0.5,0.5042917217206553,0.5085834434413106,0.512875165161966,0.5171668868826212,0.5214586086032765,0.5257503303239319,0.5300420520445872,0.5343337737652425,0.5386254954858978,0.5429172172065532,0.5472089389272085,0.5515006606478638,0.5557923823685191,0.5600841040891744,0.5643758258098297,0.568667547530485,0.5729592692511404,0.5772509909717957,0.5815427126924511,0.5858344344131063,0.5901261561337616,0.5944178778544169,0.5987095995750722,0.6030013212957276,0.607293043016383,0.6115847647370383,0.6158764864576936,0.6201682081783488,0.6244599298990041,0.6287516516196595,0.6330433733403148,0.6373350950609702,0.6416268167816255,0.6459185385022808,0.650210260222936,0.6545019819435913,0.6587937036642467,0.6630854253849021,0.6673771471055574,0.6716688688262127,0.675960590546868,0.6802523122675233,0.6845440339881786,0.6888357557088339,0.6931274774294893,0.6974191991501446,0.7017109208707999,0.7060026425914552,0.7102943643121105,0.7145860860327659,0.023300671970113235,0.0,0.023300671970113235,0.0,0.04660134394022647,0.04660134394022647,0.023300671970113537,0.04660134394022647,0.04660134394022707,0.023300671970113235,0.04660134394022647,0.1398040318206812,0.06990201591033969,0.18640537576090588,0.1398040318206812,0.18640537576090588,0.1864053757609083,0.13980403182067938,0.30290873561147597,0.4427127674321514,0.39611142349192496,0.6058174712229519,0.6291181431930574,0.7456215030436235,1.001928894714882,0.9320268788045294,1.3514389742665676,1.2582362863861307,1.8873544295791718,1.2349356144160013,2.469871228832035,2.399969212921694,2.819381308383701,3.1455907159652865,3.355296763696349,3.588303483397438,4.031016250829589,4.799938425843388,5.0795464894846845,5.33585388115593,5.5455599288870205,6.104776056169746,6.384384119811026,6.058174712229441,6.500887479661676,6.896998903153516,7.549417718316687,7.130005622854742,7.223208310735102,7.922228469838499,7.922228469838602,7.223208310735195,7.130005622854557,7.549417718316785,6.896998903153607,6.5008874796615075,6.058174712229519,6.384384119811108,6.104776056169746,5.5455599288868775,5.335853881155999,5.079546489484619,4.799938425843388,4.031016250829642,3.5883034833974845,3.355296763696349,3.145590715965246,2.8193813083837376,2.399969212921632,2.469871228832035,1.2349356144160175,1.8873544295791962,1.2582362863861307,1.35143897426655,0.9320268788045172,1.001928894714882,0.7456215030436332,0.6291181431930654,0.6058174712229519,0.3961114234919198,0.44271276743215715,0.3029087356114681,0.1398040318206812,0.1864053757609083,0.1864053757609083,0.1398040318206812,0.18640537576090346,0.0699020159103388,0.1398040318206812,0.04660134394022707,0.023300671970113537,0.04660134394022707,0.046601343940225866,0.023300671970113537,0.046601343940225866,0.04660134394022707,0.0,0.023300671970113537,0.0,0.023300671970112933,0.5,0.05380793706053691
1.05,expected,0.025,False,False,100,100,normal,0.2,2.0,1.6,1.25,0.4,0.2633419187436251,0.2680750803687526,0.2728082419938801,0.2775414036190076,0.2822745652441351,0.2870077268692626,0.2917408884943901,0.2964740501195176,0.3012072117446451,0.3059403733697726,0.3106735349949001,0.31540669662002757,0.3201398582451551,0.3248730198702826,0.3296061814954101,0.3343393431205376,0.3390725047456651,0.3438056663707926,0.34853882799592006,0.35327198962104756,0.35800515124617505,0.36273831287130254,0.3674714744964301,0.3722046361215576,0.37693779774668507,0.38167095937181256,0.38640412099694005,0.3911372826220676,0.3958704442471951,0.4006036058723226,0.40533676749745007,0.41006992912257756,0.41480309074770505,0.41953625237283254,0.42426941399796003,0.4290025756230875,0.433735737248215,0.4384688988733425,0.44320206049847005,0.44793522212359754,0.45266838374872503,0.4574015453738525,0.46213470699898,0.46686786862410756,0.47160103024923505,0.47633419187436254,0.48106735349949004,0.4858005151246175,0.490533676749745,0.4952668383748725,0.5,0.5047331616251275,0.509466323250255,0.5141994848753826,0.51893264650051,0.5236658081256376,0.528398969750765,0.5331321313758925,0.5378652930010199,0.5425984546261475,0.547331616251275,0.5520647778764025,0.55679793950153,0.5615311011266575,0.566264262751785,0.5709974243769125,0.57573058600204,0.5804637476271675,0.585196909252295,0.5899300708774224,0.59466323250255,0.5993963941276774,0.604129555752805,0.6088627173779324,0.61359587900306,0.6183290406281874,0.623062202253315,0.6277953638784425,0.63252852550357,0.6372616871286975,0.641994848753825,0.6467280103789524,0.6514611720040799,0.6561943336292074,0.6609274952543349,0.6656606568794625,0.6703938185045899,0.6751269801297175,0.6798601417548449,0.6845933033799725,0.6893264650050999,0.6940596266302275,0.698792788255355,0.7035259498804824,0.7082591115056099,0.7129922731307374,0.7177254347558649,0.7224585963809924,0.7271917580061199,0.7319249196312474,0.7366580812563749,0.04225505398721998,0.02112752699360999,0.0,0.0,0.0,0.0,0.0,0.02112752699360999,0.02112752699360999,0.0,0.0,0.04225505398721949,0.08451010797443996,0.10563763496804995,0.12676516196165993,0.2112752699360999,0.25353032392331987,0.31691290490414986,0.16902021594887992,0.1901477429424899,0.4648055938594198,0.5070606478466338,0.5070606478466397,0.7394634447763496,0.6338258098082997,1.0141212956932795,0.7817184987635605,1.3099066736038194,1.2042690386357695,1.7113296864824092,1.7324572134760194,1.943732483412119,1.9014774294248993,2.429665604265149,3.5494245349264784,3.1480015220478887,3.9719750747986784,3.7395722778689247,4.732566046568638,4.457908195651708,5.535412072325817,5.894580031217187,5.936835085204337,6.2537479901085575,6.2537479901085575,6.634043475993538,6.950956380897687,6.401640679063827,6.908701326910467,6.781936164948807,6.781936164948807,6.908701326910467,6.401640679063677,6.950956380897851,6.634043475993382,6.253747990108704,6.253747990108411,5.936835085204547,5.894580031217049,5.535412072325817,4.457908195651708,4.732566046568638,3.739572277868968,3.9719750747986784,3.1480015220478887,3.5494245349264784,2.429665604265149,1.9014774294248993,1.943732483412119,1.7324572134759786,1.7113296864824494,1.204269038635741,1.30990667360385,0.7817184987635514,1.0141212956933034,0.6338258098082848,0.7394634447763496,0.5070606478466397,0.5070606478466397,0.4648055938594198,0.1901477429424899,0.16902021594887992,0.31691290490414986,0.25353032392331987,0.21127526993609494,0.12676516196166293,0.10563763496804747,0.08451010797444194,0.042255053987218995,0.0,0.0,0.02112752699360999,0.02112752699360999,0.0,0.0,0.0,0.0,0.0,0.02112752699360999,0.04225505398721998,0.5,0.057405816662217786
1.05,expected,0.025,False,False,100,100,normal,0.2,2.0,1.6,1.5,0.1,0.3009601758553656,0.3049409723382583,0.30892176882115097,0.31290256530404364,0.3168833617869364,0.32086415826982906,0.32484495475272174,0.3288257512356144,0.3328065477185071,0.3367873442013998,0.34076814068429245,0.34474893716718513,0.34872973365007787,0.35271053013297055,0.3566913266158632,0.3606721230987559,0.3646529195816486,0.3686337160645413,0.37261451254743394,0.3765953090303267,0.38057610551321935,0.38455690199611203,0.3885376984790047,0.3925184949618974,0.3964992914447901,0.40048008792768275,0.4044608844105755,0.40844168089346816,0.41242247737636084,0.4164032738592535,0.4203840703421462,0.4243648668250389,0.42834566330793156,0.4323264597908243,0.43630725627371697,0.44028805275660965,0.44426884923950233,0.448249645722395,0.45223044220528774,0.45621123868818036,0.4601920351710731,0.4641728316539658,0.46815362813685846,0.47213442461975114,0.4761152211026438,0.48009601758553655,0.4840768140684292,0.4880576105513219,0.4920384070342146,0.49601920351710727,0.49999999999999994,0.5039807964828926,0.5079615929657854,0.511942389448678,0.5159231859315707,0.5199039824144633,0.5238847788973561,0.5278655753802488,0.5318463718631414,0.5358271683460342,0.5398079648289268,0.5437887613118195,0.5477695577947121,0.5517503542776049,0.5557311507604976,0.5597119472433902,0.5636927437262829,0.5676735402091756,0.5716543366920683,0.575635133174961,0.5796159296578537,0.5835967261407464,0.587577522623639,0.5915583191065317,0.5955391155894244,0.5995199120723171,0.6035007085552098,0.6074815050381025,0.6114623015209952,0.6154430980038879,0.6194238944867805,0.6234046909696732,0.627385487452566,0.6313662839354586,0.6353470804183513,0.639327876901244,0.6433086733841367,0.6472894698670293,0.651270266349922,0.6552510628328148,0.6592318593157074,0.6632126557986001,0.6671934522814928,0.6711742487643855,0.6751550452472781,0.6791358417301708,0.6831166382130636,0.6870974346959562,0.6910782311788489,0.6950590276617417,0.6990398241446343,0.025120600972631028,0.0,0.025120600972631028,0.025120600972630677,0.025120600972631028,0.025120600972631028,0.0,0.0,0.025120600972631028,0.0,0.025120600972631028,0.0,0.07536180291789307,0.050241201945262055,0.15072360583578615,0.025120600972631028,0.10048240389052271,0.22608540875368238,0.15072360583578406,0.22608540875367925,0.20096480778104822,0.3768090145894654,0.5024120194526206,0.6782562262610282,0.7284974282063099,0.5526532213978749,0.954582836959979,1.2560300486315512,1.029944639877872,1.4821154573852307,1.6579596641936478,2.2859746885094236,2.863748510879897,2.838627909907306,3.1400751215788785,3.868572549785178,3.9188137517304398,5.049240795498767,5.27532620425259,5.124602598416658,5.928461829540923,7.310094883035628,7.058888873309319,7.988351109296667,8.1893159170776,7.737145099570464,8.314918921940754,9.26950175890085,9.244381157928217,9.596069571545053,9.596069571545053,9.244381157928089,9.269501758900978,8.314918921940754,7.737145099570464,8.1893159170776,7.988351109296555,7.058888873309416,7.310094883035527,5.928461829541005,5.124602598416658,5.27532620425259,5.049240795498767,3.9188137517303856,3.868572549785232,3.140075121578922,2.8386279099072667,2.863748510879897,2.285974688509455,1.6579596641936245,1.4821154573852098,1.0299446398778864,1.2560300486315688,0.9545828369599656,0.5526532213978749,0.7284974282063099,0.6782562262610282,0.5024120194526136,0.37680901458947064,0.20096480778105102,0.22608540875367608,0.15072360583578406,0.22608540875368238,0.10048240389052271,0.025120600972630677,0.15072360583578828,0.050241201945262756,0.07536180291789203,0.0,0.025120600972631378,0.0,0.025120600972630677,0.0,0.0,0.025120600972630677,0.025120600972630677,0.025120600972631378,0.025120600972630677,0.0,0.025120600972631378,0.5,0.044464641105659126
1.05,expected,0.025,False,False,100,100,normal,0.2,2.0,1.6,1.5,0.2,0.32635158550214066,0.32982455379209785,0.33329752208205504,0.33677049037201223,0.3402434586619694,0.3437164269519266,0.3471893952418838,0.350662363531841,0.3541353318217981,0.3576083001117553,0.3610812684017125,0.3645542366916697,0.3680272049816269,0.3715001732715841,0.37497314156154127,0.37844610985149846,0.38191907814145565,0.38539204643141284,0.38886501472137003,0.3923379830113272,0.3958109513012844,0.39928391959124154,0.4027568878811988,0.4062298561711559,0.4097028244611131,0.4131757927510703,0.4166487610410275,0.4201217293309847,0.4235946976209419,0.42706766591089906,0.43054063420085625,0.43401360249081344,0.43748657078077063,0.4409595390707278,0.44443250736068496,0.4479054756506422,0.45137844394059934,0.4548514122305566,0.4583243805205137,0.46179734881047096,0.4652703171004281,0.4687432853903853,0.4722162536803425,0.47568922197029967,0.47916219026025686,0.48263515855021405,0.48610812684017124,0.4895810951301284,0.4930540634200856,0.49652703171004275,0.5,0.5034729682899571,0.5069459365799144,0.5104189048698715,0.5138918731598288,0.5173648414497859,0.520837809739743,0.5243107780297003,0.5277837463196575,0.5312567146096147,0.5347296828995718,0.538202651189529,0.5416756194794862,0.5451485877694434,0.5486215560594006,0.5520945243493578,0.5555674926393149,0.5590404609292722,0.5625134292192293,0.5659863975091866,0.5694593657991437,0.5729323340891008,0.5764053023790581,0.5798782706690153,0.5833512389589725,0.5868242072489296,0.5902971755388868,0.5937701438288441,0.5972431121188012,0.6007160804087583,0.6041890486987156,0.6076620169886727,0.6111349852786299,0.6146079535685871,0.6180809218585444,0.6215538901485015,0.6250268584384586,0.6284998267284159,0.6319727950183731,0.6354457633083302,0.6389187315982874,0.6423916998882446,0.6458646681782019,0.6493376364681589,0.6528106047581161,0.6562835730480734,0.6597565413380305,0.6632295096279877,0.6667024779179449,0.6701754462079021,0.6736484144978593,0.028793813145133167,0.0,0.0,0.0,0.0863814394353995,0.057587626290266335,0.057587626290266335,0.02879381314513363,0.057587626290266335,0.057587626290266335,0.20155669201593218,0.20155669201593218,0.14396906572566584,0.23035050516106534,0.345525757741598,0.40311338403186436,0.40311338403186436,0.3743195708867312,0.4894948234672638,0.6046700760477965,0.5758762629026726,0.6622577023380523,1.180546338950479,0.9214020206442614,1.3245154046761258,1.4396906572566583,1.9579792938690552,1.9291854807239222,1.72762878870799,2.5338555567717185,2.90817512765845,2.850587501368184,3.5128452037062465,3.944752400883307,4.03113384031858,4.722185355801916,4.46304103749557,5.470824497575389,5.816350255316808,5.470824497575389,6.392226518219563,7.400009978299225,7.889504801766488,7.45759760458949,8.868494448701016,9.156432580152348,8.119855306927684,8.522968690959281,9.99145316136137,8.954875888136272,8.95487588813656,9.991453161361049,8.522968690959553,8.119855306927423,9.156432580152494,8.868494448701156,7.457597604589371,7.889504801766362,7.400009978299342,6.392226518219665,5.470824497575214,5.816350255316993,5.470824497575214,4.463041037495712,4.722185355801764,4.0311338403187085,3.944752400883181,3.5128452037063025,2.850587501368138,2.9081751276584966,2.5338555567717593,1.7276287887079622,1.9291854807238913,1.957979293869087,1.4396906572566814,1.3245154046761045,0.9214020206442467,1.180546338950479,0.6622577023380735,0.5758762629026541,0.6046700760478062,0.48949482346727174,0.3743195708867252,0.4031133840318579,0.4031133840318708,0.34552575774160355,0.23035050516106167,0.14396906572566354,0.2015566920159354,0.2015566920159354,0.05758762629026542,0.05758762629026542,0.028793813145134548,0.05758762629026542,0.05758762629026542,0.08638143943540089,0.0,0.0,0.0,0.02879381314513363,0.5,0.045393991088637516
1.05,expected,0.025,False,False,100,100,normal,0.2,2.0,1.6,1.5,0.3,0.31411477331860754,0.3178324778522354,0.32155018238586325,0.3252678869194911,0.32898559145311895,0.3327032959867468,0.33642100052037466,0.3401387050540025,0.34385640958763036,0.3475741141212582,0.351291818654886,0.35500952318851386,0.3587272277221417,0.36244493225576957,0.3661626367893974,0.3698803413230253,0.3735980458566531,0.377315750390281,0.38103345492390883,0.3847511594575367,0.38846886399116454,0.3921865685247924,0.39590427305842024,0.3996219775920481,0.40333968212567595,0.4070573866593038,0.41077509119293165,0.4144927957265595,0.41821050026018736,0.4219282047938152,0.42564590932744306,0.4293636138610709,0.43308131839469877,0.4367990229283266,0.44051672746195447,0.4442344319955823,0.4479521365292102,0.45166984106283803,0.4553875455964658,0.4591052501300937,0.46282295466372153,0.4665406591973494,0.47025836373097724,0.4739760682646051,0.47769377279823294,0.4814114773318608,0.48512918186548865,0.4888468863991165,0.49256459093274435,0.49628229546637215,0.5,0.5037177045336279,0.5074354090672557,0.5111531136008836,0.5148708181345114,0.5185885226681393,0.5223062272017671,0.526023931735395,0.5297416362690228,0.5334593408026507,0.5371770453362785,0.5408947498699064,0.5446124544035342,0.5483301589371621,0.5520478634707899,0.5557655680044178,0.5594832725380456,0.5632009770716735,0.5669186816053013,0.5706363861389292,0.574354090672557,0.5780717952061849,0.5817894997398128,0.5855072042734406,0.5892249088070685,0.5929426133406963,0.5966603178743242,0.600378022407952,0.6040957269415799,0.6078134314752077,0.6115311360088356,0.6152488405424634,0.6189665450760913,0.6226842496097191,0.626401954143347,0.6301196586769748,0.6338373632106027,0.6375550677442305,0.6412727722778584,0.6449904768114862,0.6487081813451141,0.652425885878742,0.6561435904123698,0.6598612949459977,0.6635789994796255,0.6672967040132534,0.6710144085468812,0.674732113080509,0.6784498176141368,0.6821675221477647,0.6858852266813925,0.026898318329352782,0.026898318329352782,0.0,0.0,0.053796636658705564,0.026898318329352782,0.026898318329352782,0.053796636658705564,0.053796636658705564,0.10759327331741274,0.10759327331741113,0.1613899099761167,0.1613899099761167,0.21518654663482226,0.24208486496417503,0.24208486496417503,0.3765764566109389,0.3765764566109389,0.4303730932696445,0.4572714115989973,0.4572714115989973,0.5110680482577029,0.7531529132218778,1.1297293698328168,1.0759327331741113,1.3180175981382862,1.5332041447731086,1.5063058264437557,2.0980688296895167,2.474645286300456,2.716730151264631,2.5015436046298087,3.2277981995223337,3.927154476085506,4.115442704390976,4.492019161001915,5.245172074223792,5.110680482577105,5.191375437565087,5.379663665870557,6.1328165790924345,7.15495267560784,6.96666444730237,7.0204610839610755,7.504630813889427,8.01569886214713,7.558427450548131,9.333716460285416,8.768851775369138,8.12329213546454,8.12329213546454,8.768851775369008,9.333716460285416,7.558427450548131,8.01569886214713,7.504630813889427,7.0204610839610755,6.96666444730237,7.15495267560784,6.1328165790924345,5.379663665870557,5.191375437565087,5.1106804825770284,5.245172074223792,4.492019161001915,4.115442704390976,3.927154476085506,3.2277981995223337,2.5015436046298087,2.716730151264631,2.474645286300456,2.0980688296895167,1.5063058264437557,1.5332041447731086,1.3180175981382862,1.0759327331741113,1.1297293698328168,0.7531529132218778,0.5110680482577029,0.4572714115989973,0.4572714115989973,0.4303730932696445,0.3765764566109389,0.3765764566109389,0.24208486496417503,0.24208486496417503,0.21518654663482226,0.1613899099761167,0.1613899099761167,0.10759327331741113,0.10759327331741113,0.053796636658705564,0.053796636658705564,0.026898318329352782,0.026898318329352782,0.053796636658705564,0.0,0.0,0.026898318329352782,0.026898318329352782,0.5,0.04799390030650182
1.05,expected,0.025,False,False,100,100,normal,0.2,2.0,1.6,1.5,0.4,0.28085993206291293,0.2852427334216547,0.28962553478039643,0.2940083361391382,0.2983911374978799,0.3027739388566216,0.3071567402153634,0.3115395415741051,0.3159223429328469,0.32030514429158863,0.3246879456503303,0.3290707470090721,0.3334535483678138,0.3378363497265556,0.3422191510852973,0.3466019524440391,0.3509847538027808,0.3553675551615225,0.35975035652026427,0.364133157879006,0.36851595923774777,0.3728987605964895,0.3772815619552312,0.381664363313973,0.3860471646727147,0.39042996603145647,0.3948127673901982,0.39919556874893997,0.4035783701076817,0.4079611714664234,0.4123439728251652,0.4167267741839069,0.42110957554264866,0.4254923769013904,0.4298751782601321,0.4342579796188739,0.4386407809776156,0.44302358233635736,0.4474063836950991,0.45178918505384086,0.4561719864125826,0.4605547877713243,0.4649375891300661,0.4693203904888078,0.47370319184754955,0.4780859932062913,0.48246879456503305,0.4868515959237748,0.4912343972825165,0.4956171986412583,0.5,0.5043828013587417,0.5087656027174835,0.5131484040762252,0.517531205434967,0.5219140067937087,0.5262968081524504,0.5306796095111922,0.535062410869934,0.5394452122286757,0.5438280135874174,0.5482108149461591,0.5525936163049009,0.5569764176636427,0.5613592190223844,0.5657420203811261,0.5701248217398679,0.5745076230986097,0.5788904244573514,0.5832732258160931,0.5876560271748348,0.5920388285335766,0.5964216298923184,0.6008044312510601,0.6051872326098018,0.6095700339685435,0.6139528353272853,0.6183356366860271,0.6227184380447688,0.6271012394035105,0.6314840407622523,0.635866842120994,0.6402496434797358,0.6446324448384775,0.6490152461972192,0.653398047555961,0.6577808489147028,0.6621636502734445,0.6665464516321862,0.6709292529909279,0.6753120543496697,0.6796948557084115,0.6840776570671532,0.6884604584258949,0.6928432597846366,0.6972260611433784,0.7016088625021202,0.7059916638608619,0.7103744652196036,0.7147572665783454,0.7191400679370871,0.022816457287196973,0.022816457287196973,0.022816457287196973,0.0,0.0,0.022816457287196973,0.0,0.0,0.0,0.06844937186159178,0.022816457287196973,0.022816457287196973,0.13689874372318184,0.06844937186159092,0.11408228643598486,0.1597152010103788,0.06844937186159178,0.2509810301591667,0.18253165829757578,0.09126582914878789,0.22816457287196973,0.3650633165951562,0.43351268845673696,0.5475949748927342,0.4335126884567425,0.6616772613287122,0.935474748775076,1.0951899497854547,0.8442089196262986,1.505886180954981,1.4830697236678219,2.0078482412733334,2.0762976131349244,2.5098103015916986,3.103038191058749,3.399652135792392,4.2210445981314395,4.380759799141819,4.859905402172955,5.43031683435288,5.590032035363329,6.023544723819924,5.74974723637371,6.822120728871894,7.711962563072577,7.894494221370152,7.68914610578538,8.077025879667831,7.940127135944446,8.784336055570945,8.784336055570945,7.940127135944446,8.077025879667831,7.689146105785282,7.894494221370253,7.7119625630726745,6.822120728871808,5.749747236373564,6.023544723820077,5.590032035363329,5.430316834352948,4.859905402172894,4.380759799141764,4.221044598131494,3.399652135792392,3.103038191058749,2.509810301591635,2.0762976131349506,2.0078482412733587,1.4830697236678219,1.505886180954981,0.8442089196262772,1.0951899497854685,0.9354747487750877,0.6616772613287206,0.43351268845673696,0.5475949748927205,0.43351268845674795,0.3650633165951562,0.22816457287196687,0.09126582914878904,0.18253165829757348,0.25098103015916984,0.06844937186159178,0.15971520101037678,0.11408228643598343,0.06844937186159178,0.13689874372318356,0.02281645728719726,0.022816457287196685,0.06844937186159006,0.0,0.0,0.0,0.022816457287196685,0.0,0.0,0.02281645728719726,0.022816457287196685,0.02281645728719726,0.5,0.04926457071976263
1.05,expected,0.025,False,False,100,100,normal,0.2,2.0,2.0,0.5,0.1,0.13224688874296608,0.13960195096810676,0.14695701319324744,0.15431207541838812,0.1616671376435288,0.16902219986866948,0.17637726209381016,0.18373232431895084,0.19108738654409152,0.19844244876923217,0.20579751099437288,0.21315257321951353,0.22050763544465424,0.2278626976697949,0.2352177598949356,0.24257282212007625,0.24992788434521696,0.2572829465703576,0.26463800879549826,0.27199307102063897,0.2793481332457797,0.2867031954709203,0.294058257696061,0.3014133199212017,0.3087683821463424,0.31612344437148304,0.3234785065966237,0.3308335688217644,0.3381886310469051,0.34554369327204576,0.3528987554971864,0.3602538177223271,0.3676088799474678,0.3749639421726085,0.38231900439774913,0.38967406662288984,0.3970291288480305,0.4043841910731712,0.41173925329831185,0.41909431552345255,0.4264493777485932,0.4338044399737339,0.44115950219887456,0.44851456442401527,0.4558696266491559,0.46322468887429663,0.4705797510994373,0.477934813324578,0.48528987554971864,0.49264493777485935,0.5,0.5073550622251407,0.5147101244502814,0.522065186675422,0.5294202489005627,0.5367753111257034,0.544130373350844,0.5514854355759848,0.5588404978011254,0.5661955600262661,0.5735506222514068,0.5809056844765474,0.5882607467016882,0.5956158089268289,0.6029708711519695,0.6103259333771102,0.6176809956022509,0.6250360578273915,0.6323911200525322,0.6397461822776729,0.6471012445028136,0.6544563067279543,0.6618113689530949,0.6691664311782356,0.6765214934033763,0.683876555628517,0.6912316178536576,0.6985866800787983,0.705941742303939,0.7132968045290797,0.7206518667542203,0.728006928979361,0.7353619912045017,0.7427170534296424,0.750072115654783,0.7574271778799238,0.7647822401050645,0.7721373023302052,0.7794923645553458,0.7868474267804865,0.7942024890056272,0.8015575512307679,0.8089126134559085,0.8162676756810492,0.8236227379061899,0.8309778001313306,0.8383328623564712,0.8456879245816119,0.8530429868067526,0.8603980490318932,0.8677531112570339,0.013596078039718733,0.0,0.0,0.0,0.013596078039718733,0.0,0.013596078039718733,0.027192156079437466,0.013596078039718785,0.05438431215887473,0.05438431215887514,0.04078823411915605,0.04078823411915636,0.05438431215887473,0.06798039019859393,0.09517254627803078,0.16315293647662543,0.12236470235746906,0.23113332667521763,0.2447294047149363,0.27192156079437574,0.27192156079437574,0.4486705753107165,0.3806901851121231,0.6254195898270641,0.6662078239462205,0.7477842921845276,1.1828587894555254,1.0333019310186278,1.1148783992569404,1.3596078039718682,1.5227607404484924,1.835470535362036,1.6179332867265355,1.726701911044273,2.107392096156412,2.175372486354989,2.4880822812685377,2.7328116859834553,3.0863097150161645,3.2358665734530465,3.3174430416913836,3.942862631518418,3.820497929160979,4.160399880153917,3.8340940072006977,3.8204979291609495,4.649858689583825,4.54109006526604,4.010843021717042,4.010843021717012,4.54109006526604,4.649858689583859,3.8204979291609495,3.8340940072006684,4.16039988015398,3.8204979291608923,3.9428626315184774,3.3174430416913587,3.2358665734530465,3.0863097150161876,2.7328116859834553,2.488082281268519,2.1753724863550223,2.107392096156396,1.726701911044273,1.6179332867265477,1.8354705353620222,1.5227607404484924,1.3596078039718682,1.114878399256932,1.0333019310186355,1.1828587894555254,0.7477842921845276,0.6662078239462155,0.6254195898270688,0.3806901851121231,0.4486705753107165,0.27192156079437363,0.2719215607943778,0.2447294047149363,0.23113332667521763,0.12236470235746814,0.16315293647662665,0.09517254627803078,0.06798039019859341,0.05438431215887473,0.04078823411915666,0.04078823411915605,0.05438431215887473,0.05438431215887473,0.013596078039718887,0.027192156079437365,0.013596078039718682,0.0,0.013596078039718887,0.0,0.0,0.0,0.013596078039718682,0.5,0.09319500196038151
1.05,expected,0.025,False,False,100,100,normal,0.2,2.0,2.0,0.5,0.2,0.12200008559493986,0.12956008388304105,0.13712008217114227,0.14468008045924347,0.1522400787473447,0.15980007703544588,0.16736007532354708,0.1749200736116483,0.1824800718997495,0.19004007018785068,0.1976000684759519,0.2051600667640531,0.2127200650521543,0.22028006334025552,0.2278400616283567,0.2354000599164579,0.24296005820455913,0.2505200564926603,0.25808005478076157,0.26564005306886274,0.27320005135696396,0.2807600496450652,0.28832004793316635,0.29588004622126757,0.3034400445093688,0.31100004279746996,0.3185600410855712,0.3261200393736724,0.33368003766177357,0.3412400359498748,0.348800034237976,0.3563600325260772,0.3639200308141784,0.3714800291022796,0.3790400273903808,0.386600025678482,0.39416002396658323,0.4017200222546844,0.4092800205427856,0.41684001883088684,0.42440001711898806,0.4319600154070892,0.43952001369519045,0.44708001198329167,0.45464001027139284,0.46220000855949406,0.4697600068475953,0.47732000513569645,0.48488000342379767,0.4924400017118989,0.5,0.5075599982881013,0.5151199965762026,0.5226799948643037,0.5302399931524049,0.537799991440506,0.5453599897286072,0.5529199880167085,0.5604799863048098,0.5680399845929109,0.5755999828810121,0.5831599811691133,0.5907199794572146,0.5982799777453157,0.605839976033417,0.6133999743215182,0.6209599726096193,0.6285199708977205,0.6360799691858217,0.643639967473923,0.6511999657620242,0.6587599640501254,0.6663199623382265,0.6738799606263277,0.6814399589144289,0.6889999572025303,0.6965599554906314,0.7041199537787326,0.7116799520668338,0.7192399503549349,0.7267999486430363,0.7343599469311375,0.7419199452192387,0.7494799435073398,0.757039941795441,0.7645999400835422,0.7721599383716435,0.7797199366597447,0.7872799349478459,0.794839933235947,0.8023999315240482,0.8099599298121494,0.8175199281002508,0.8250799263883519,0.8326399246764531,0.8401999229645543,0.8477599212526554,0.8553199195407566,0.862879917828858,0.8704399161169591,0.8779999144050602,0.013227516222773707,0.0,0.0,0.0,0.0,0.013227516222773707,0.0,0.026455032445547415,0.039682548668321126,0.03968254866832097,0.039682548668321126,0.05291006489109483,0.0,0.06613758111386853,0.05291006489109483,0.09259261355941562,0.14550267845051132,0.22486777578715056,0.14550267845051132,0.3174603893465678,0.29100535690102053,0.1851852271188326,0.39682548668320977,0.33068790556934147,0.6084657462475928,0.7275133922525513,0.6613758111386829,0.8068784895891992,0.9126986193713825,1.1507939113813084,1.2301590087179592,1.3888892033912341,1.547619398064518,1.6005294629556246,2.0502650145299173,2.3544978876537113,2.50000056610424,2.5529106309953162,3.2275139583567727,3.2804240232478676,3.055556247460738,3.240741474579546,3.505291799035019,3.4523817341439504,3.955027350609324,3.9947098992776455,3.822752188381615,3.6243394450399826,4.484127999520271,3.9285723181638343,3.9285723181637477,4.484127999520237,3.624339445040009,3.822752188381615,3.9947098992776744,3.955027350609353,3.4523817341439,3.505291799034994,3.24074147457957,3.055556247460738,3.2804240232478916,3.227513958356749,2.552910630995335,2.500000566104203,2.3544978876537286,2.0502650145299324,1.6005294629556246,1.5476193980645294,1.3888892033912037,1.2301590087179592,1.1507939113813166,0.9126986193713892,0.8068784895891992,0.6613758111386878,0.7275133922525352,0.6084657462475928,0.3306879055693439,0.3968254866832127,0.1851852271188326,0.2910053569010141,0.3174603893465701,0.14550267845051132,0.22486777578715386,0.14550267845051132,0.0925926135594163,0.052910064891093476,0.06613758111386878,0.0,0.052910064891095024,0.039682548668321264,0.039682548668321264,0.0396825486683201,0.026455032445547512,0.0,0.013227516222773756,0.0,0.0,0.0,0.0,0.013227516222773952,0.5,0.09542528155955445
1.05,expected,0.025,False,False,100,100,normal,0.2,2.0,2.0,0.5,0.3,0.12407161906120176,0.13159018667997774,0.1391087542987537,0.14662732191752967,0.15414588953630562,0.1616644571550816,0.16918302477385755,0.17670159239263353,0.18422016001140948,0.19173872763018546,0.1992572952489614,0.2067758628677374,0.21429443048651337,0.22181299810528932,0.22933156572406527,0.23685013334284125,0.24436870096161722,0.2518872685803932,0.2594058361991691,0.26692440381794513,0.2744429714367211,0.28196153905549703,0.28948010667427304,0.29699867429304894,0.30451724191182494,0.3120358095306009,0.31955437714937684,0.32707294476815285,0.3345915123869288,0.34211008000570475,0.34962864762448076,0.35714721524325665,0.36466578286203266,0.37218435048080867,0.37970291809958456,0.38722148571836057,0.3947400533371366,0.40225862095591247,0.4097771885746885,0.4172957561934644,0.4248143238122404,0.4323328914310164,0.4398514590497923,0.4473700266685683,0.4548885942873443,0.4624071619061202,0.4699257295248962,0.4774442971436721,0.4849628647624481,0.4924814323812241,0.5,0.507518567618776,0.515037135237552,0.5225557028563279,0.5300742704751039,0.5375928380938799,0.5451114057126558,0.5526299733314318,0.5601485409502077,0.5676671085689837,0.5751856761877597,0.5827042438065356,0.5902228114253116,0.5977413790440876,0.6052599466628635,0.6127785142816395,0.6202970819004155,0.6278156495191914,0.6353342171379674,0.6428527847567435,0.6503713523755194,0.6578899199942954,0.6654084876130714,0.6729270552318473,0.6804456228506233,0.6879641904693992,0.6954827580881752,0.7030013257069512,0.7105198933257271,0.7180384609445031,0.7255570285632791,0.733075596182055,0.740594163800831,0.748112731419607,0.7556312990383829,0.7631498666571589,0.7706684342759348,0.7781870018947108,0.7857055695134868,0.7932241371322627,0.8007427047510387,0.8082612723698147,0.8157798399885906,0.8232984076073666,0.8308169752261425,0.8383355428449185,0.8458541104636945,0.8533726780824704,0.8608912457012464,0.8684098133200224,0.8759283809387983,0.026600811503050624,0.02660081150305072,0.0,0.01330040575152536,0.013300405751525312,0.0,0.013300405751525312,0.02660081150305072,0.026600811503050624,0.05320162300610144,0.07980243450915188,0.05320162300610125,0.09310284026067753,0.09310284026067753,0.14630446326677843,0.14630446326677843,0.3059093322850833,0.3059093322850833,0.33251014378813154,0.2793085207820326,0.4123125782972862,0.3192097380366063,0.5852178530671203,0.49211501280643477,0.6783206933277934,0.811324750843047,1.2369377348918495,1.0640324601220288,1.3433409809040615,1.3965426039101527,1.2635385463949187,1.6359499074376074,1.7290527476982842,1.5960486901830553,1.9551596454742135,2.0615628914864157,2.673381556056617,2.75318399056573,2.60687952729899,2.7930852078203054,3.165496568863013,3.444805089645094,3.311801032129791,3.378303060887417,3.498006712651196,3.6842123931724977,3.564508741408823,3.4448050896450435,3.4581054953965684,4.109825377221367,4.1098253772213065,3.4581054953965684,3.444805089645094,3.5645087414087704,3.6842123931724977,3.498006712651196,3.378303060887417,3.3118010321298397,3.4448050896450435,3.165496568863013,2.7930852078203463,2.6068795272989513,2.75318399056573,2.673381556056617,2.0615628914864157,1.9551596454742135,1.5960486901830553,1.7290527476982842,1.6359499074376074,1.2635385463949187,1.3965426039101527,1.3433409809040517,1.0640324601220368,1.2369377348918495,0.8113247508430531,0.6783206933277884,0.49211501280643477,0.5852178530671203,0.3192097380366063,0.4123125782972832,0.27930852078203466,0.33251014378813154,0.30590933228508105,0.30590933228508554,0.1463044632667779,0.14630446326678007,0.09310284026067683,0.09310284026067683,0.05320162300610184,0.07980243450915157,0.053201623006101054,0.02660081150305092,0.026600811503050527,0.01330040575152546,0.0,0.013300405751525263,0.01330040575152546,0.0,0.026600811503050527,0.02660081150305092,0.5,0.1043924024421939
1.05,expected,0.025,False,False,100,100,normal,0.2,2.0,2.0,0.5,0.4,0.10679834859314809,0.11466238162128513,0.12252641464942216,0.1303904476775592,0.13825448070569624,0.14611851373383328,0.15398254676197032,0.16184657979010736,0.1697106128182444,0.17757464584638144,0.18543867887451848,0.1933027119026555,0.20116674493079253,0.20903077795892958,0.2168948109870666,0.22475884401520363,0.23262287704334067,0.2404869100714777,0.24835094309961475,0.2562149761277518,0.26407900915588883,0.2719430421840259,0.2798070752121629,0.28767110824029996,0.295535141268437,0.30339917429657404,0.3112632073247111,0.3191272403528481,0.3269912733809851,0.33485530640912214,0.3427193394372592,0.3505833724653962,0.35844740549353327,0.3663114385216703,0.37417547154980735,0.3820395045779444,0.38990353760608143,0.39776757063421847,0.4056316036623555,0.41349563669049255,0.4213596697186296,0.4292237027467666,0.4370877357749036,0.44495176880304066,0.4528158018311777,0.46067983485931474,0.4685438678874518,0.4764079009155888,0.48427193394372586,0.4921359669718629,0.49999999999999994,0.507864033028137,0.5157280660562741,0.5235920990844111,0.5314561321125482,0.5393201651406851,0.5471841981688221,0.5550482311969592,0.5629122642250962,0.5707762972532333,0.5786403302813703,0.5865043633095074,0.5943683963376444,0.6022324293657815,0.6100964623939185,0.6179604954220554,0.6258245284501925,0.6336885614783295,0.6415525945064666,0.6494166275346036,0.6572806605627407,0.6651446935908777,0.6730087266190148,0.6808727596471518,0.6887367926752889,0.6966008257034259,0.704464858731563,0.7123288917596999,0.720192924787837,0.728056957815974,0.7359209908441111,0.7437850238722481,0.7516490569003851,0.7595130899285222,0.7673771229566592,0.7752411559847963,0.7831051890129332,0.7909692220410703,0.7988332550692073,0.8066972880973444,0.8145613211254814,0.8224253541536185,0.8302893871817555,0.8381534202098926,0.8460174532380296,0.8538814862661667,0.8617455192943037,0.8696095523224406,0.8774735853505777,0.8853376183787147,0.8932016514068518,0.025432243135858144,0.012716121567929095,0.0,0.03814836470378722,0.025432243135858144,0.025432243135858144,0.012716121567929072,0.025432243135858144,0.025432243135858144,0.025432243135858144,0.05086448627171647,0.08901285097550352,0.05086448627171629,0.11444509411136206,0.06358060783964536,0.10172897254343258,0.16530958038307794,0.12716121567929073,0.2670385529265105,0.2797546744944396,0.34333528233408495,0.39419976860580125,0.44506425487751755,0.6103738352605955,0.8774123881871061,0.5595093489888792,0.7629672940757444,0.8774123881871123,1.1825993058174038,1.3606250077684108,1.3479088862004818,1.6022313175590632,1.6912441685345667,1.9837149645969352,2.110876180276226,2.0600116940045097,2.428779219474453,2.3779147332027364,2.6831016508330343,2.822978988080254,2.657669407697195,2.950140203759545,3.5350817958842824,2.8865595959198997,3.624094646859786,3.611378525291857,3.776688105674935,3.102733662574694,3.827552591946651,3.5605140390201404,3.5605140390201404,3.8275525919466236,3.1027336625747157,3.776688105674908,3.611378525291882,3.6240946468598114,2.8865595959198793,3.5350817958843073,2.9501402037595237,2.657669407697195,2.822978988080234,2.6831016508330534,2.37791473320272,2.4287792194744697,2.0600116940045243,2.110876180276211,1.9837149645969494,1.6912441685345547,1.6022313175590746,1.3479088862004722,1.3606250077684205,1.1825993058173954,0.8774123881871123,0.7629672940757389,0.5595093489888832,0.8774123881870999,0.6103738352605997,0.4450642548775144,0.394199768605804,0.34333528233408256,0.2797546744944416,0.2670385529265124,0.12716121567928984,0.1653095803830791,0.10172897254343186,0.06358060783964581,0.11444509411136085,0.05086448627171665,0.08901285097550289,0.05086448627171665,0.025432243135857964,0.025432243135858325,0.025432243135857964,0.012716121567929162,0.025432243135857964,0.025432243135858325,0.038148364703787484,0.0,0.012716121567929162,0.025432243135857964,0.5,0.10696543039752453
1.05,expected,0.025,False,False,100,100,normal,0.2,2.0,2.0,0.75,0.1,0.21378841323426356,0.21951264496957829,0.225236876704893,0.23096110844020776,0.23668534017552248,0.2424095719108372,0.24813380364615195,0.2538580353814667,0.2595822671167814,0.2653064988520961,0.27103073058741084,0.27675496232272556,0.28247919405804034,0.288203425793355,0.2939276575286698,0.2996518892639845,0.3053761209992992,0.31110035273461395,0.31682458446992867,0.32254881620524345,0.3282730479405581,0.3339972796758729,0.3397215114111876,0.34544574314650234,0.35116997488181706,0.3568942066171318,0.3626184383524465,0.3683426700877612,0.374066901823076,0.37979113355839067,0.38551536529370545,0.39123959702902017,0.3969638287643349,0.4026880604996496,0.40841229223496434,0.4141365239702791,0.4198607557055938,0.42558498744090856,0.4313092191762233,0.437033450911538,0.4427576826468527,0.44848191438216745,0.45420614611748217,0.4599303778527969,0.46565460958811167,0.4713788413234264,0.4771030730587411,0.48282730479405583,0.48855153652937056,0.4942757682646853,0.5,0.5057242317353148,0.5114484634706294,0.5171726952059442,0.5228969269412589,0.5286211586765737,0.5343453904118884,0.5400696221472031,0.5457938538825178,0.5515180856178326,0.5572423173531473,0.5629665490884621,0.5686907808237768,0.5744150125590914,0.5801392442944062,0.585863476029721,0.5915877077650357,0.5973119395003503,0.6030361712356651,0.6087604029709799,0.6144846347062947,0.6202088664416093,0.625933098176924,0.6316573299122388,0.6373815616475536,0.6431057933828682,0.648830025118183,0.6545542568534977,0.6602784885888124,0.6660027203241272,0.6717269520594419,0.6774511837947566,0.6831754155300713,0.6888996472653861,0.6946238790007008,0.7003481107360155,0.7060723424713302,0.711796574206645,0.7175208059419598,0.7232450376772744,0.7289692694125892,0.7346935011479039,0.7404177328832187,0.7461419646185333,0.7518661963538481,0.7575904280891628,0.7633146598244775,0.7690388915597923,0.774763123295107,0.7804873550304218,0.7862115867657364,0.017469593235205028,0.0,0.0,0.017469593235205028,0.017469593235205028,0.0,0.034939186470410055,0.017469593235205028,0.017469593235205028,0.017469593235205028,0.017469593235205028,0.052408779705614576,0.13975674588164155,0.10481755941122915,0.034939186470410055,0.1222871526464352,0.15722633911684525,0.2445743052928704,0.31445267823368744,0.29698308499848836,0.4716790173505312,0.5764965767617658,0.5590269835265609,0.733722915878611,0.7686621023490212,1.0132364076418916,0.8560100685250464,0.8909492549954477,1.2054019332291586,1.7120201370500758,1.7294897302852976,2.026472815283783,1.904185662637348,2.078881594989398,2.550560612339909,2.8999524770440623,2.952361256749621,3.4589794605705952,4.070415223802771,3.965597664391541,4.314989529095642,4.332459122330847,4.804138139681382,4.839077326151745,4.594503020858922,4.7517293599757675,5.188469190855893,5.799904954088069,5.3107563435023275,5.363165123207944,5.363165123207891,5.31075634350238,5.799904954088013,5.188469190855943,4.751729359975721,4.594503020858878,4.839077326151839,4.804138139681429,4.332459122330804,4.3149895290956,3.9655976643915025,4.070415223802811,3.4589794605706286,2.952361256749621,2.8999524770440064,2.5505606123399587,2.078881594989418,1.9041856626373295,2.026472815283763,1.729489730285281,1.7120201370501094,1.2054019332291586,0.8909492549954477,0.8560100685250379,1.0132364076419014,0.7686621023490138,0.7337229158786183,0.5590269835265554,0.5764965767617602,0.4716790173505403,0.29698308499848836,0.31445267823368744,0.24457430529286797,0.15722633911684677,0.12228715264643399,0.03493918647041039,0.10481755941122915,0.13975674588163886,0.05240877970561559,0.017469593235204858,0.017469593235205194,0.017469593235204858,0.017469593235205194,0.034939186470409715,0.0,0.017469593235204858,0.017469593235204858,0.0,0.0,0.017469593235205194,0.5,0.07339741266360902
1.05,expected,0.025,False,False,100,100,normal,0.2,2.0,2.0,0.75,0.2,0.19037700383810724,0.1965694637613451,0.20276192368458296,0.20895438360782081,0.21514684353105865,0.2213393034542965,0.22753176337753436,0.23372422330077222,0.23991668322401008,0.2461091431472479,0.25230160307048577,0.25849406299372363,0.2646865229169615,0.27087898284019934,0.2770714427634372,0.28326390268667506,0.2894563626099129,0.2956488225331508,0.30184128245638864,0.30803374237962644,0.31422620230286435,0.32041866222610216,0.32661112214934007,0.3328035820725779,0.33899604199581573,0.3451885019190536,0.35138096184229145,0.3575734217655293,0.36376588168876717,0.369958341612005,0.37615080153524283,0.38234326145848074,0.38853572138171855,0.39472818130495646,0.40092064122819426,0.4071131011514322,0.41330556107467,0.41949802099790784,0.4256904809211457,0.43188294084438356,0.4380754007676214,0.4442678606908593,0.45046032061409713,0.456652780537335,0.46284524046057285,0.46903770038381065,0.4752301603070485,0.48142262023028637,0.4876150801535242,0.4938075400767621,0.49999999999999994,0.5061924599232378,0.5123849198464756,0.5185773797697135,0.5247698396929514,0.5309622996161892,0.537154759539427,0.543347219462665,0.5495396793859028,0.5557321393091406,0.5619245992323785,0.5681170591556164,0.5743095190788542,0.580501979002092,0.5866944389253299,0.5928868988485678,0.5990793587718056,0.6052718186950434,0.6114642786182813,0.6176567385415193,0.6238491984647571,0.6300416583879949,0.6362341183112328,0.6424265782344706,0.6486190381577084,0.6548114980809463,0.6610039580041842,0.667196417927422,0.6733888778506598,0.6795813377738977,0.6857737976971356,0.6919662576203733,0.6981587175436113,0.7043511774668492,0.7105436373900871,0.7167360973133248,0.7229285572365627,0.7291210171598006,0.7353134770830385,0.7415059370062762,0.7476983969295141,0.753890856852752,0.7600833167759897,0.7662757766992276,0.7724682366224656,0.7786606965457035,0.7848531564689412,0.7910456163921791,0.797238076315417,0.8034305362386549,0.8096229961618927,0.016148671326033044,0.0,0.0,0.016148671326033117,0.0,0.016148671326033044,0.016148671326033044,0.03229734265206609,0.048446013978099355,0.04844601397809914,0.03229734265206609,0.04844601397809914,0.016148671326033044,0.08074335663016523,0.08074335663016523,0.03229734265206609,0.12918937060826435,0.14533804193429742,0.29067608386859745,0.14533804193429609,0.45216279712892926,0.484460139780987,0.4683114684549625,0.5006088111070244,0.6943928670194209,0.7428388809975202,0.9204742655838836,1.0173662935400818,1.1465556641483463,1.4533804193429871,1.4049344053648622,1.808651188515717,2.083178601058244,2.1639219576884474,2.3415573422747706,2.5999360834913436,2.5837874121652873,3.197436922554543,3.4235183211190057,3.3266262931628074,4.134059859464459,4.134059859464459,4.279397901398757,4.0371678315082615,4.424735943333094,4.909196083114046,5.296764194938839,5.022236782396277,5.2160208383086735,5.280615523612806,5.280615523612806,5.2160208383087205,5.022236782396232,5.296764194938792,4.9091960831140895,4.424735943333094,4.037167831508225,4.279397901398796,4.134059859464497,4.134059859464422,3.3266262931627772,3.4235183211190363,3.1974369225545716,2.5837874121652638,2.599936083491297,2.341557342274813,2.1639219576884474,2.083178601058244,1.8086511885156848,1.4049344053648876,1.4533804193429871,1.1465556641483359,1.017366293540091,0.9204742655838918,0.7428388809975134,0.6943928670194147,0.5006088111070289,0.4683114684549625,0.484460139780987,0.4521627971289212,0.14533804193430133,0.29067608386859217,0.14533804193429609,0.1291893706082632,0.032297342652066956,0.08074335663016449,0.08074335663016449,0.0161486713260329,0.04844601397810044,0.0322973426520658,0.0484460139780987,0.04844601397810044,0.0322973426520658,0.0161486713260329,0.0161486713260329,0.0,0.0161486713260329,0.0,0.0,0.01614867132603319,0.5,0.07773306504893142
1.05,expected,0.025,False,False,100,100,normal,0.2,2.0,2.0,0.75,0.3,0.14804075435911115,0.15507993927192892,0.16211912418474672,0.1691583090975645,0.17619749401038226,0.18323667892320006,0.19027586383601783,0.1973150487488356,0.20435423366165337,0.21139341857447114,0.21843260348728893,0.2254717884001067,0.23251097331292447,0.23955015822574227,0.24658934313856004,0.2536285280513778,0.2606677129641956,0.2677068978770134,0.27474608278983115,0.2817852677026489,0.28882445261546674,0.2958636375282845,0.3029028224411022,0.30994200735392,0.3169811922667378,0.32402037717955556,0.33105956209237336,0.33809874700519116,0.3451379319180089,0.3521771168308267,0.3592163017436445,0.36625548665646224,0.37329467156928003,0.38033385648209783,0.3873730413949156,0.39441222630773337,0.40145141122055117,0.4084905961333689,0.41552978104618665,0.4225689659590045,0.42960815087182225,0.43664733578464,0.44368652069745784,0.4507257056102756,0.4577648905230933,0.4648040754359112,0.4718432603487289,0.47888244526154666,0.4859216301743645,0.49296081508718226,0.5,0.5070391849128179,0.5140783698256356,0.5211175547384533,0.5281567396512712,0.5351959245640889,0.5422351094769067,0.5492742943897245,0.5563134793025423,0.56335266421536,0.5703918491281778,0.5774310340409956,0.5844702189538133,0.5915094038666311,0.5985485887794489,0.6055877736922667,0.6126269586050844,0.6196661435179023,0.62670532843072,0.6337445133435378,0.6407836982563556,0.6478228831691734,0.6548620680819911,0.6619012529948088,0.6689404379076267,0.6759796228204444,0.6830188077332622,0.69005799264608,0.6970971775588978,0.7041363624717155,0.7111755473845334,0.7182147322973511,0.7252539172101689,0.7322931021229867,0.7393322870358044,0.7463714719486222,0.75341065686144,0.7604498417742578,0.7674890266870755,0.7745282115998934,0.7815673965127111,0.7886065814255289,0.7956457663383466,0.8026849512511645,0.8097241361639822,0.8167633210767999,0.8238025059896178,0.8308416909024355,0.8378808758152533,0.8449200607280711,0.8519592456408889,0.02841238047828757,0.0,0.0,0.0,0.0,0.0,0.0,0.014206190239143785,0.0,0.0,0.0,0.04261857071743136,0.028412380478287456,0.05682476095657514,0.014206190239143785,0.05682476095657491,0.04261857071743119,0.042618570717431525,0.09944333167400689,0.2272990438262979,0.19888666334801378,0.2130928535871576,0.26991761454373087,0.44039189741345564,0.4403918974134591,0.41197951693516816,0.6250723705223241,0.8523714143486304,0.9091961753051986,1.108082838653211,1.0228456972183566,1.5484747360666664,1.6195056872623852,1.690536638458117,2.074103774914984,2.2729904382629966,2.5429080528067476,2.855444238067912,3.2390113745247446,3.3526608964379467,3.4094856573945216,3.7504342231339147,3.6794032719382552,4.006145647438563,4.20503231078651,4.830104681308906,4.65963039843918,4.773279920352255,4.759073730113187,4.617011827721749,4.617011827721676,4.759073730113187,4.773279920352331,4.6596303984391065,4.830104681308906,4.205032310786577,4.0061456474385,3.6794032719382552,3.750434223133974,3.4094856573945216,3.352660896437894,3.239011374524796,2.855444238067912,2.5429080528067076,2.2729904382630144,2.0741037749150006,1.6905366384580907,1.619505687262398,1.5484747360666788,1.0228456972183404,1.1080828386532198,0.9091961753052059,0.8523714143486304,0.6250723705223192,0.41197951693517143,0.4403918974134591,0.4403918974134522,0.269917614543733,0.2130928535871576,0.19888666334801064,0.22729904382630148,0.09944333167400689,0.04261857071743085,0.042618570717431525,0.05682476095657537,0.014206190239143619,0.05682476095657537,0.028412380478287685,0.04261857071743085,0.0,0.0,0.0,0.014206190239143619,0.0,0.0,0.0,0.0,0.0,0.0,0.028412380478287685,0.5,0.08206215444695
1.05,expected,0.025,False,False,100,100,normal,0.2,2.0,2.0,0.75,0.4,0.14377740014642604,0.15090185214349752,0.158026304140569,0.16515075613764046,0.17227520813471195,0.17939966013178343,0.18652411212885492,0.1936485641259264,0.20077301612299786,0.20789746812006937,0.21502192011714083,0.22214637211421231,0.2292708241112838,0.23639527610835526,0.24351972810542677,0.2506441801024982,0.2577686320995697,0.2648930840966412,0.2720175360937127,0.27914198809078417,0.2862664400878556,0.2933908920849271,0.3005153440819986,0.3076397960790701,0.31476424807614156,0.321888700073213,0.3290131520702845,0.336137604067356,0.3432620560644275,0.35038650806149896,0.3575109600585704,0.36463541205564187,0.3717598640527134,0.3788843160497849,0.38600876804685635,0.3931332200439278,0.4002576720409993,0.4073821240380708,0.41450657603514224,0.42163102803221375,0.4287554800292852,0.4358799320263567,0.4430043840234282,0.45012883602049963,0.45725328801757115,0.4643777400146426,0.4715021920117141,0.4786266440087856,0.4857510960058571,0.49287554800292854,0.5,0.5071244519970715,0.5142489039941429,0.5213733559912145,0.5284978079882859,0.5356222599853574,0.542746711982429,0.5498711639795004,0.5569956159765719,0.5641200679736433,0.5712445199707148,0.5783689719677862,0.5854934239648577,0.5926178759619293,0.5997423279590007,0.6068667799560722,0.6139912319531438,0.6211156839502152,0.6282401359472867,0.6353645879443581,0.6424890399414296,0.649613491938501,0.6567379439355726,0.6638623959326441,0.6709868479297155,0.678111299926787,0.6852357519238584,0.69236020392093,0.6994846559180015,0.7066091079150729,0.7137335599121444,0.7208580119092158,0.7279824639062874,0.7351069159033589,0.7422313679004303,0.7493558198975018,0.7564802718945732,0.7636047238916448,0.7707291758887163,0.7778536278857877,0.7849780798828592,0.7921025318799306,0.7992269838770022,0.8063514358740737,0.8134758878711451,0.8206003398682166,0.8277247918652881,0.8348492438623596,0.841973695859431,0.8490981478565025,0.856222599853574,0.014036167278705103,0.0,0.0,0.0,0.0,0.0,0.0,0.0,0.014036167278705047,0.0,0.028072334557410206,0.014036167278705103,0.04210850183611547,0.028072334557410095,0.028072334557410317,0.07018083639352579,0.0842170036722303,0.09825317095093535,0.16843400734446187,0.14036167278705158,0.266687178295398,0.22457867645928076,0.37897651652503633,0.42108501836115475,0.5053020220333857,0.49126585475468054,0.6175913602630221,0.9263870403945331,0.8702423712797197,1.2492188878047592,1.4316890624279262,1.4176528951492098,1.8247017462316562,1.6562677388872085,1.8106655789529653,2.133497426363167,2.751088786626211,2.3861484373798767,3.073920634036406,3.13006530315125,3.6774758270207224,3.4950056523975843,3.859946001643918,4.42139269279209,4.43542886007083,4.589826700136551,4.603862867415292,3.958199172594824,4.43542886007083,4.4073565255134195,4.4073565255134195,4.43542886007083,3.9581991725947927,4.603862867415292,4.5898267001365864,4.435428860070761,4.421392692792125,3.859946001643918,3.4950056523975843,3.6774758270207517,3.13006530315125,3.07392063403643,2.38614843737984,2.751088786626211,2.133497426363184,1.810665578952937,1.6562677388872085,1.8247017462316704,1.4176528951492209,1.4316890624279262,1.2492188878047592,0.8702423712797063,0.9263870403945405,0.617591360263027,0.49126585475468054,0.5053020220333857,0.4210850183611482,0.3789765165250393,0.22457867645928253,0.266687178295398,0.14036167278705158,0.16843400734445926,0.0982531709509361,0.08421700367223094,0.07018083639352579,0.028072334557410317,0.02807233455740988,0.04210850183611547,0.014036167278705158,0.028072334557410317,0.0,0.01403616727870494,0.0,0.0,0.0,0.0,0.0,0.0,0.0,0.014036167278705158,0.5,0.08518938725405593
1.05,expected,0.025,False,False,100,100,normal,0.2,2.0,2.0,1.0,0.1,0.23668723019453464,0.24195348559064395,0.24721974098675326,0.25248599638286257,0.2577522517789719,0.2630185071750812,0.2682847625711905,0.2735510179672998,0.2788172733634091,0.2840835287595184,0.28934978415562773,0.294616039551737,0.29988229494784635,0.3051485503439556,0.3104148057400649,0.3156810611361742,0.32094731653228353,0.32621357192839284,0.33147982732450215,0.33674608272061146,0.34201233811672077,0.3472785935128301,0.3525448489089394,0.3578111043050487,0.363077359701158,0.3683436150972673,0.37360987049337663,0.37887612588948594,0.3841423812855952,0.38940863668170456,0.3946748920778138,0.3999411474739232,0.40520740287003243,0.4104736582661418,0.41573991366225105,0.4210061690583604,0.42627242445446967,0.43153867985057903,0.4368049352466883,0.4420711906427976,0.4473374460389069,0.4526037014350162,0.4578699568311255,0.46313621222723483,0.46840246762334414,0.47366872301945345,0.47893497841556276,0.48420123381167207,0.4894674892077814,0.4947337446038907,0.5,0.5052662553961094,0.5105325107922186,0.5157987661883279,0.5210650215844372,0.5263312769805465,0.5315975323766557,0.5368637877727651,0.5421300431688745,0.5473962985649837,0.552662553961093,0.5579288093572023,0.5631950647533117,0.568461320149421,0.5737275755455302,0.5789938309416396,0.584260086337749,0.5895263417338582,0.5947925971299675,0.6000588525260768,0.6053251079221862,0.6105913633182954,0.6158576187144047,0.6211238741105141,0.6263901295066234,0.6316563849027326,0.6369226402988419,0.6421888956949513,0.6474551510910606,0.6527214064871698,0.6579876618832792,0.6632539172793885,0.6685201726754978,0.673786428071607,0.6790526834677164,0.6843189388638258,0.689585194259935,0.6948514496560443,0.7001177050521536,0.705383960448263,0.7106502158443723,0.7159164712404815,0.7211827266365909,0.7264489820327003,0.7317152374288095,0.7369814928249188,0.7422477482210281,0.7475140036171374,0.7527802590132467,0.758046514409356,0.7633127698054654,0.018988824597052326,0.0,0.0,0.0,0.0,0.0,0.0,0.0,0.03797764919410465,0.0,0.037977649194105054,0.037977649194104256,0.018988824597052527,0.03797764919410465,0.0759552983882093,0.05696647379115698,0.05696647379115698,0.1519105967764186,0.09494412298526163,0.2088770705675756,0.1329217721793663,0.24685471976168025,0.3987653165380988,0.5316870887174652,0.3607876673439942,0.6835976854938838,0.5316870887174652,0.8544971068673638,1.0823630020319712,1.4431506693759921,1.803938336719952,1.7089942137347276,1.9368601088993167,2.4305695484227234,2.544502496004985,3.095178409319562,3.2660778306929656,3.778776094813453,3.5129325504546802,3.9876531653809884,5.297882062577599,4.918105570636553,5.051027342815919,5.753613852906855,5.829569151295065,6.36125624001253,6.797999205744734,6.570133310580105,6.665077433565367,6.532155661386001,6.532155661385931,6.665077433565436,6.570133310580175,6.797999205744661,6.3612562400125965,5.829569151295126,5.753613852906795,5.051027342815866,4.918105570636604,5.297882062577655,3.987653165380946,3.5129325504546434,3.778776094813453,3.266077830693035,3.0951784093194963,2.544502496004985,2.4305695484227234,1.9368601088993578,1.7089942137346912,1.803938336719952,1.4431506693759921,1.082363002031994,0.8544971068673456,0.5316870887174596,0.6835976854939054,0.3607876673439904,0.5316870887174596,0.39876531653810304,0.24685471976168283,0.1329217721793649,0.2088770705675734,0.09494412298526263,0.15191059677642021,0.05696647379115637,0.05696647379115637,0.07595529838821011,0.037977649194105054,0.018988824597052128,0.037977649194104256,0.037977649194105054,0.0,0.037977649194104256,0.0,0.0,0.0,0.0,0.0,0.0,0.0,0.018988824597052128,0.5,0.059525164110659286
1.05,expected,0.025,False,False,100,100,normal,0.2,2.0,2.0,1.0,0.2,0.22579515607179254,0.2312792529503567,0.23676334982892083,0.242247446707485,0.24773154358604912,0.2532156404646133,0.2586997373431774,0.2641838342217416,0.26966793110030574,0.2751520279788699,0.28063612485743406,0.28612022173599816,0.2916043186145623,0.2970884154931265,0.30257251237169064,0.3080566092502548,0.3135407061288189,0.31902480300738306,0.3245088998859472,0.3299929967645114,0.33547709364307554,0.34096119052163965,0.3464452874002038,0.35192938427876796,0.35741348115733207,0.3628975780358963,0.3683816749144604,0.37386577179302455,0.3793498686715887,0.3848339655501528,0.390318062428717,0.39580215930728113,0.4012862561858453,0.40677035306440945,0.41225444994297356,0.41773854682153777,0.4232226437001019,0.42870674057866603,0.4341908374572302,0.4396749343357943,0.4451590312143585,0.4506431280929226,0.4561272249714868,0.46161132185005094,0.46709541872861504,0.47257951560717926,0.47806361248574336,0.48354770936430747,0.4890318062428717,0.4945159031214358,0.5,0.5054840968785641,0.5109681937571282,0.5164522906356924,0.5219363875142565,0.5274204843928207,0.5329045812713848,0.538388678149949,0.5438727750285132,0.5493568719070773,0.5548409687856415,0.5603250656642056,0.5658091625427697,0.5712932594213339,0.576777356299898,0.5822614531784622,0.5877455500570263,0.5932296469355904,0.5987137438141547,0.6041978406927188,0.609681937571283,0.6151660344498471,0.6206501313284112,0.6261342282069754,0.6316183250855395,0.6371024219641037,0.6425865188426678,0.6480706157212319,0.6535547125997961,0.6590388094783602,0.6645229063569245,0.6700070032354886,0.6754911001140527,0.6809751969926169,0.686459293871181,0.6919433907497452,0.6974274876283093,0.7029115845068734,0.7083956813854376,0.7138797782640017,0.719363875142566,0.72484797202113,0.7303320688996943,0.7358161657782584,0.7413002626568225,0.7467843595353867,0.7522684564139508,0.757752553292515,0.7632366501710791,0.7687207470496432,0.7742048439282074,0.018234542936481073,0.0,0.0,0.0,0.0,0.01823454293648126,0.018234542936481073,0.0,0.0,0.036469085872962145,0.01823454293648126,0.018234542936481073,0.07293817174592429,0.05470362880944322,0.05470362880944322,0.0,0.09117271468240537,0.10940725761888644,0.14587634349184858,0.2735181440472161,0.3099872299201814,0.2735181440472161,0.4558635734120268,0.38292540166610645,0.4558635734120222,0.8023198892051754,0.9299616897605347,0.729381717459243,1.1852452908712818,1.2581834626171813,1.476997977854982,1.6775779501562589,2.04226880888588,2.1516760665047885,2.4798978393614006,2.953995955709964,2.972230498646415,3.555735872613809,4.048068531898839,3.9386612742798714,3.9933649030893954,4.959795678722852,5.360955623325435,5.415659252134933,5.816819196737403,5.835053739674002,6.017399169038815,5.7803501108644415,7.129706288164171,5.853288282610365,5.853288282610484,7.129706288164171,5.7803501108644415,6.017399169038815,5.835053739673884,5.816819196737521,5.415659252134933,5.360955623325381,4.9597956787229025,3.9933649030893146,3.938661274279952,4.048068531898839,3.555735872613773,2.9722304986464447,2.953995955709904,2.4798978393614513,2.1516760665047885,2.0422688088858596,1.6775779501562755,1.476997977854952,1.2581834626172068,1.1852452908712818,0.7293817174592355,0.9299616897605442,0.8023198892051591,0.4558635734120315,0.38292540166610645,0.4558635734120222,0.27351814404721886,0.3099872299201751,0.27351814404721886,0.14587634349185008,0.10940725761888534,0.09117271468240629,0.0,0.05470362880944377,0.05470362880944377,0.07293817174592356,0.01823454293648126,0.01823454293648089,0.03646908587296252,0.0,0.0,0.01823454293648126,0.01823454293648089,0.0,0.0,0.0,0.0,0.01823454293648089,0.5,0.0634896597645501
1.05,expected,0.025,False,False,100,100,normal,0.2,2.0,2.0,1.0,0.3,0.232447065138406,0.23779812383563786,0.24314918253286974,0.24850024123010162,0.2538512999273335,0.2592023586245654,0.26455341732179727,0.26990447601902917,0.275255534716261,0.2806065934134929,0.28595765211072477,0.2913087108079567,0.2966597695051886,0.3020108282024204,0.3073618868996523,0.31271294559688423,0.3180640042941161,0.3234150629913479,0.3287661216885798,0.33411718038581173,0.3394682390830436,0.3448192977802755,0.3501703564775074,0.35552141517473923,0.3608724738719711,0.36622353256920304,0.3715745912664349,0.37692564996366673,0.38227670866089863,0.38762776735813054,0.3929788260553624,0.3983298847525943,0.4036809434498262,0.40903200214705804,0.4143830608442899,0.41973411954152184,0.4250851782387537,0.43043623693598554,0.43578729563321744,0.44113835433044934,0.4464894130276812,0.4518404717249131,0.457191530422145,0.46254258911937685,0.4678936478166087,0.4732447065138406,0.4785957652110725,0.48394682390830435,0.4892978826055362,0.49464894130276815,0.5,0.5053510586972318,0.5107021173944638,0.5160531760916957,0.5214042347889275,0.5267552934861595,0.5321063521833913,0.5374574108806232,0.542808469577855,0.548159528275087,0.5535105869723188,0.5588616456695507,0.5642127043667826,0.5695637630640145,0.5749148217612463,0.5802658804584783,0.5856169391557101,0.590967997852942,0.5963190565501738,0.6016701152474058,0.6070211739446376,0.6123722326418695,0.6177232913391014,0.6230743500363333,0.6284254087335651,0.6337764674307971,0.6391275261280289,0.6444785848252608,0.6498296435224926,0.6551807022197246,0.6605317609169564,0.6658828196141883,0.6712338783114202,0.6765849370086521,0.6819359957058839,0.6872870544031158,0.6926381131003477,0.6979891717975796,0.7033402304948114,0.7086912891920434,0.7140423478892752,0.7193934065865071,0.724744465283739,0.7300955239809709,0.7354465826782027,0.7407976413754346,0.7461487000726664,0.7514997587698984,0.7568508174671302,0.7622018761643621,0.767552934861594,0.01868789068819791,0.01868789068819791,0.0,0.018687890688197813,0.0,0.037375781376396015,0.03737578137639563,0.037375781376396015,0.07475156275279125,0.037375781376396015,0.018687890688197813,0.018687890688197813,0.09343945344099003,0.11212734412918687,0.11212734412918687,0.16819101619378207,0.13081523481738605,0.22425468825837375,0.33638203238756065,0.4111335951403562,0.59801250202233,0.4111335951403519,0.6353882833987322,0.6167003927105342,0.8596429716570905,0.8970187530335042,1.2520886761092664,1.3829039109266381,1.2334007854210556,1.6632222712496227,1.6632222712496052,1.9809164129489683,2.3172984453365526,2.578928914971325,2.7097441497886545,3.251692979746453,2.971374619423483,3.550699230757584,3.9805207165861343,4.634596890673105,4.372966421038289,4.653284781361256,4.410342202414729,5.34473673682463,5.419488299577366,4.858851578931431,5.886685566782372,5.25129728338364,6.260443380546202,5.886685566782372,5.886685566782372,6.260443380546202,5.25129728338364,5.886685566782372,4.858851578931381,5.419488299577422,5.34473673682463,4.410342202414729,4.653284781361207,4.372966421038334,4.634596890673105,3.980520716586093,3.5506992307576213,2.971374619423483,3.2516929797463856,2.709744149788711,2.578928914971325,2.3172984453365526,1.9809164129489476,1.6632222712496227,1.6632222712496227,1.233400785421043,1.3829039109266525,1.2520886761092664,0.8970187530334857,0.8596429716571083,0.6167003927105342,0.6353882833987322,0.41113359514034764,0.5980125020223362,0.4111335951403562,0.33638203238755715,0.22425468825837605,0.13081523481738605,0.16819101619378207,0.11212734412918571,0.11212734412918803,0.09343945344099003,0.01868789068819762,0.018687890688198008,0.037375781376396015,0.07475156275279048,0.037375781376396015,0.037375781376396015,0.037375781376396015,0.0,0.01868789068819762,0.0,0.018687890688198008,0.01868789068819762,0.5,0.06919012095602323
1.05,expected,0.025,False,False,100,100,normal,0.2,2.0,2.0,1.0,0.4,0.24192473880387136,0.24708624402779394,0.2522477492517165,0.25740925447563906,0.2625707596995617,0.26773226492348423,0.2728937701474068,0.27805527537132935,0.28321678059525196,0.2883782858191745,0.2935397910430971,0.2987012962670197,0.30386280149094225,0.3090243067148648,0.31418581193878736,0.31934731716271,0.32450882238663253,0.3296703276105551,0.3348318328344777,0.33999333805840026,0.3451548432823228,0.3503163485062454,0.355477853730168,0.36063935895409055,0.3658008641780131,0.3709623694019357,0.3761238746258583,0.38128537984978084,0.3864468850737034,0.39160839029762595,0.39676989552154857,0.4019314007454711,0.40709290596939374,0.4122544111933163,0.41741591641723885,0.4225774216411614,0.42773892686508397,0.4329004320890066,0.43806193731292914,0.44322344253685175,0.4483849477607743,0.45354645298469687,0.4587079582086194,0.463869463432542,0.4690309686564646,0.47419247388038716,0.47935397910430977,0.4845154843282323,0.4896769895521549,0.49483849477607744,0.5,0.5051615052239226,0.5103230104478452,0.5154845156717678,0.5206460208956903,0.5258075261196129,0.5309690313435355,0.536130536567458,0.5412920417913806,0.5464535470153032,0.5516150522392258,0.5567765574631484,0.5619380626870709,0.5670995679109935,0.572261073134916,0.5774225783588386,0.5825840835827613,0.5877455888066838,0.5929070940306064,0.5980685992545289,0.6032301044784515,0.608391609702374,0.6135531149262966,0.6187146201502193,0.6238761253741418,0.6290376305980644,0.634199135821987,0.6393606410459095,0.6445221462698321,0.6496836514937546,0.6548451567176772,0.6600066619415998,0.6651681671655224,0.670329672389445,0.6754911776133675,0.6806526828372901,0.6858141880612126,0.6909756932851352,0.6961371985090579,0.7012987037329804,0.706460208956903,0.7116217141808255,0.7167832194047481,0.7219447246286707,0.7271062298525932,0.7322677350765159,0.7374292403004384,0.742590745524361,0.7477522507482836,0.7529137559722061,0.7580752611961287,0.05812257994229234,0.01937419331409755,0.01937419331409755,0.05812257994229203,0.05812257994229265,0.0,0.0387483866281951,0.07749677325638937,0.01937419331409755,0.0774967732563902,0.15499354651277875,0.21311612645507308,0.1549935465127804,0.1937419331409755,0.21311612645507075,0.17436773982687795,0.3293612863396584,0.3099870930255575,0.4456064462242437,0.4649806395383412,0.4649806395383412,0.678096765993407,0.6393483793652192,0.9687096657048775,0.9105870857625751,1.1237032122176578,1.336819338672731,1.4336903052432188,1.6661806250123892,1.918045138095637,1.9180451380956576,1.9567935247238315,2.3055290043776084,2.6930128706595595,3.061122543627413,3.293612863396583,3.6810967296784947,4.184825755845071,3.894212856133566,4.184825755845071,4.301070915729657,4.669180588697509,4.804799941896192,4.804799941896141,5.386025741319119,5.1535354215498925,6.044748313998436,5.017916068351266,5.657264447716485,5.637890254402387,5.637890254402387,5.657264447716363,5.017916068351266,6.044748313998436,5.1535354215499485,5.386025741319119,4.804799941896192,4.804799941896192,4.669180588697409,4.301070915729657,4.184825755845071,3.8942128561336076,4.184825755845071,3.6810967296785346,3.293612863396583,3.0611225436273473,2.6930128706595595,2.3055290043776084,1.9567935247238526,1.9180451380956576,1.9180451380956576,1.6661806250123892,1.433690305243188,1.336819338672731,1.1237032122176578,0.9105870857625848,0.9687096657048775,0.6393483793652192,0.6780967659934143,0.4649806395383412,0.46498063953833124,0.4456064462242437,0.3099870930255608,0.3293612863396584,0.17436773982687795,0.21311612645507308,0.1937419331409755,0.15499354651277705,0.21311612645507308,0.1549935465127804,0.0774967732563902,0.01937419331409755,0.0774967732563902,0.0387483866281951,0.0,0.05812257994229265,0.05812257994229265,0.01937419331409755,0.01937419331409755,0.05812257994229265,0.5,0.07136131892888727
1.05,expected,0.025,False,False,100,100,normal,0.2,2.0,2.0,1.25,0.1,0.2754384988659754,0.27992972888865586,0.28442095891133634,0.2889121889340169,0.29340341895669736,0.29789464897937784,0.3023858790020583,0.3068771090247388,0.31136833904741934,0.3158595690700998,0.3203507990927803,0.3248420291154608,0.32933325913814127,0.3338244891608218,0.3383157191835023,0.34280694920618276,0.34729817922886325,0.3517894092515438,0.35628063927422426,0.36077186929690475,0.3652630993195852,0.3697543293422657,0.3742455593649462,0.3787367893876267,0.3832280194103072,0.3877192494329877,0.39221047945566817,0.3967017094783487,0.4011929395010292,0.40568416952370967,0.41017539954639015,0.41466662956907063,0.4191578595917511,0.4236490896144316,0.42814031963711213,0.4326315496597926,0.43712277968247315,0.44161400970515363,0.4461052397278341,0.4505964697505146,0.4550876997731951,0.45957892979587556,0.46407015981855604,0.4685613898412365,0.47305261986391706,0.47754384988659754,0.4820350799092781,0.48652630993195856,0.49101753995463904,0.4955087699773195,0.5,0.5044912300226805,0.508982460045361,0.5134736900680414,0.5179649200907219,0.5224561501134024,0.5269473801360829,0.5314386101587635,0.535929840181444,0.5404210702041244,0.5449123002268049,0.5494035302494854,0.553894760272166,0.5583859902948465,0.562877220317527,0.5673684503402074,0.5718596803628879,0.5763509103855684,0.5808421404082489,0.5853333704309294,0.5898246004536098,0.5943158304762903,0.5988070604989708,0.6032982905216513,0.6077895205443318,0.6122807505670123,0.6167719805896927,0.6212632106123733,0.6257544406350538,0.6302456706577343,0.6347369006804148,0.6392281307030953,0.6437193607257758,0.6482105907484563,0.6527018207711368,0.6571930507938173,0.6616842808164978,0.6661755108391783,0.6706667408618587,0.6751579708845392,0.6796492009072197,0.6841404309299002,0.6886316609525807,0.6931228909752611,0.6976141209979416,0.7021053510206221,0.7065965810433027,0.7110878110659832,0.7155790410886637,0.7200702711113441,0.7245615011340246,0.0445312306406063,0.0,0.0,0.02226561532030315,0.0,0.0,0.0445312306406063,0.022265615320302877,0.02226561532030315,0.0,0.02226561532030315,0.02226561532030315,0.044531230640605754,0.0890624612812126,0.1335936919218189,0.11132807660151577,0.11132807660151439,0.20039053788272837,0.0890624612812126,0.20039053788272837,0.42304669108575993,0.37851546044515355,0.2894529991639374,0.3339842298045473,0.8906246128121261,0.8015621515309135,1.0910151506948411,0.9128902281324291,1.4027337651790985,1.4249993804994017,1.9371085328663742,2.4046864545927407,2.449217685233347,2.4492176852333167,3.7628889891312327,3.1839829908033117,4.052341988295174,3.829685835092142,4.809372909185481,5.36601329219306,5.833591213919426,5.321482061552453,5.766794367958517,6.612887750129954,7.1917937484579175,7.4589811323014645,7.971090284668529,7.0359344412157965,7.0359344412157965,7.726168516145194,7.726168516145194,7.0359344412157965,7.0359344412157965,7.971090284668529,7.458981132301556,7.1917937484579175,6.6128877501298735,5.766794367958517,5.321482061552453,5.833591213919426,5.36601329219306,4.809372909185362,3.829685835092142,4.052341988295174,3.183982990803351,3.7628889891312327,2.449217685233347,2.449217685233347,2.4046864545927407,1.9371085328663742,1.4249993804994017,1.4027337651790985,0.9128902281324291,1.0910151506948544,0.8015621515309135,0.8906246128121261,0.333984229804539,0.28945299916394096,0.37851546044515355,0.42304669108575993,0.20039053788272837,0.0890624612812104,0.20039053788272837,0.11132807660151577,0.11132807660151577,0.1335936919218189,0.0890624612812126,0.0445312306406063,0.02226561532030315,0.02226561532030315,0.0,0.02226561532030315,0.02226561532030315,0.0445312306406063,0.0,0.0,0.02226561532030315,0.0,0.0,0.0445312306406063,0.5,0.05237923139740812
1.05,expected,0.025,False,False,100,100,normal,0.2,2.0,2.0,1.25,0.2,0.28227481154604706,0.28662931531512614,0.2909838190842052,0.2953383228532842,0.2996928266223633,0.3040473303914424,0.3084018341605214,0.31275633792960045,0.31711084169867954,0.3214653454677586,0.32581984923683766,0.3301743530059167,0.3345288567749958,0.33888336054407486,0.3432378643131539,0.3475923680822329,0.351946871851312,0.3563013756203911,0.36065587938947014,0.36501038315854917,0.36936488692762826,0.37371939069670734,0.3780738944657864,0.3824283982348654,0.3867829020039445,0.3911374057730236,0.3954919095421026,0.39984641331118165,0.40420091708026074,0.4085554208493398,0.41290992461841886,0.4172644283874979,0.421618932156577,0.42597343592565606,0.4303279396947351,0.4346824434638141,0.4390369472328932,0.4433914510019723,0.44774595477105134,0.45210045854013037,0.45645496230920946,0.46080946607828854,0.4651639698473676,0.4695184736164466,0.4738729773855257,0.4782274811546048,0.4825819849236838,0.48693648869276285,0.49129099246184194,0.495645496230921,0.5,0.5043545037690791,0.5087090075381582,0.5130635113072373,0.5174180150763164,0.5217725188453953,0.5261270226144744,0.5304815263835535,0.5348360301526325,0.5391905339217116,0.5435450376907907,0.5478995414598697,0.5522540452289488,0.5566085489980278,0.5609630527671069,0.565317556536186,0.569672060305265,0.574026564074344,0.5783810678434231,0.5827355716125022,0.5870900753815813,0.5914445791506603,0.5957990829197394,0.6001535866888185,0.6045080904578974,0.6088625942269765,0.6132170979960556,0.6175716017651347,0.6219261055342138,0.6262806093032928,0.6306351130723719,0.6349896168414509,0.6393441206105299,0.643698624379609,0.6480531281486881,0.6524076319177672,0.6567621356868463,0.6611166394559252,0.6654711432250043,0.6698256469940834,0.6741801507631624,0.6785346545322415,0.6828891583013206,0.6872436620703997,0.6915981658394788,0.6959526696085577,0.7003071733776368,0.7046616771467159,0.7090161809157949,0.713370684684874,0.7177251884539531,0.02296472923277513,0.0,0.0,0.0,0.0,0.0,0.02296472923277542,0.0,0.04592945846555026,0.06889418769832627,0.04592945846555084,0.02296472923277513,0.11482364616387562,0.13778837539665253,0.11482364616387711,0.20668256309497615,0.20668256309497615,0.3674356677244067,0.25261202156052964,0.39040039695717715,0.36743566772440206,0.5052240431210593,0.8037655231471397,0.7808007939143543,0.918589169311005,1.1712011908715463,1.423813212432076,1.1941659201043067,1.6764252339925843,1.745319421690932,2.020896172484237,2.6179791325363646,2.9624500710279915,2.7098380494674994,3.283956280286885,3.375815197217944,4.225510178830624,4.432192741925657,4.569981117322309,5.442640828167705,5.4196760989349295,5.419676098934999,5.993794329754385,6.567912560573686,6.912383499065314,6.889418769832626,6.774595123668749,7.394642812953591,7.417607542186365,7.785043209910966,7.785043209910768,7.417607542186365,7.394642812953591,6.774595123668663,6.889418769832713,6.912383499065314,6.567912560573686,5.993794329754461,5.4196760989349295,5.4196760989349295,5.442640828167705,4.56998111732225,4.4321927419257126,4.225510178830624,3.375815197217944,3.2839562802869264,2.7098380494674648,2.9624500710279915,2.6179791325363646,2.0208961724842114,1.7453194216909542,1.6764252339925843,1.1941659201043067,1.4238132124320941,1.1712011908715314,0.918589169311005,0.7808007939143543,0.8037655231471295,0.5052240431210656,0.36743566772440206,0.39040039695717715,0.2526120215605328,0.36743566772440206,0.20668256309497615,0.20668256309497615,0.11482364616387562,0.13778837539665428,0.11482364616387562,0.02296472923277513,0.04592945846555142,0.06889418769832538,0.04592945846555026,0.0,0.02296472923277513,0.0,0.0,0.0,0.0,0.0,0.02296472923277513,0.5,0.054372806081304036
1.05,expected,0.025,False,False,100,100,normal,0.2,2.0,2.0,1.25,0.3,0.2816843912789403,0.2860507034533615,0.29041701562778266,0.2947833278022039,0.2991496399766251,0.30351595215104626,0.30788226432546745,0.31224857649988863,0.31661488867430987,0.32098120084873105,0.32534751302315223,0.3297138251975734,0.3340801373719946,0.33844644954641584,0.342812761720837,0.3471790738952582,0.3515453860696794,0.3559116982441006,0.3602780104185218,0.364644322592943,0.3690106347673642,0.37337694694178536,0.37774325911620654,0.3821095712906278,0.38647588346504896,0.39084219563947015,0.39520850781389133,0.39957481998831257,0.40394113216273375,0.40830744433715493,0.4126737565115761,0.4170400686859973,0.4214063808604185,0.42577269303483967,0.4301390052092609,0.4345053173836821,0.4388716295581033,0.4432379417325245,0.4476042539069457,0.4519705660813669,0.45633687825578806,0.46070319043020924,0.4650695026046304,0.4694358147790516,0.47380212695347285,0.47816843912789403,0.48253475130231527,0.48690106347673645,0.49126737565115763,0.4956336878255788,0.5,0.5043663121744212,0.5087326243488424,0.5130989365232637,0.5174652486976847,0.521831560872106,0.5261978730465272,0.5305641852209484,0.5349304973953696,0.5392968095697908,0.5436631217442119,0.5480294339186331,0.5523957460930544,0.5567620582674755,0.5611283704418968,0.5654946826163179,0.5698609947907392,0.5742273069651603,0.5785936191395815,0.5829599313140027,0.5873262434884239,0.5916925556628451,0.5960588678372662,0.6004251800116875,0.6047914921861086,0.6091578043605299,0.613524116534951,0.6178904287093723,0.6222567408837935,0.6266230530582146,0.6309893652326358,0.635355677407057,0.6397219895814783,0.6440883017558994,0.6484546139303207,0.6528209261047417,0.657187238279163,0.6615535504535842,0.6659198626280054,0.6702861748024266,0.6746524869768478,0.679018799151269,0.6833851113256901,0.6877514235001114,0.6921177356745325,0.6964840478489538,0.700850360023375,0.7052166721977962,0.7095829843722173,0.7139492965466385,0.7183156087210597,0.022902622626440224,0.0,0.0,0.06870786787932066,0.0,0.04580524525288045,0.06870786787932066,0.045805245252879864,0.13741573575864133,0.06870786787932066,0.06870786787932066,0.16031835838508157,0.20612360363795937,0.16031835838508157,0.0916104905057609,0.34353933939660336,0.2519288488908393,0.22902622626440225,0.412247207275924,0.7328839240460872,0.503857697781685,0.5496629430345653,0.8244944145518375,1.1451311313220112,1.1909363765748917,1.4199626028392938,1.5115730933450355,1.4657678480921743,1.9696255458738594,2.1986517721382612,2.358970130523343,2.794119960425707,3.1376592998223107,3.023146186690071,2.862827828305028,3.5728091297246296,4.14537469538568,4.809550751552447,4.901161242058208,5.267603204081251,5.382116317213453,5.748558279236496,6.1608054865124195,5.725655656609983,6.229513354391741,6.252415977018102,7.580768089351714,6.000487128127339,6.298221222271062,6.366929090150382,6.366929090150382,6.298221222271062,6.000487128127186,7.580768089351906,6.252415977018022,6.229513354391741,5.725655656610056,6.1608054865124195,5.748558279236496,5.382116317213453,5.267603204081251,4.901161242058083,4.809550751552569,4.145374695385575,3.572809129724766,2.862827828304955,3.0231461866901097,3.1376592998223107,2.794119960425707,2.358970130523343,2.1986517721382612,1.9696255458738594,1.4657678480921372,1.5115730933450933,1.4199626028392578,1.190936376574922,1.145131131321982,0.824494414551848,0.5496629430345653,0.503857697781685,0.7328839240460872,0.4122472072759136,0.22902622626440808,0.25192884889083605,0.34353933939661213,0.09161049050575858,0.16031835838508157,0.206123603637962,0.16031835838508157,0.06870786787932066,0.06870786787932066,0.13741573575864133,0.04580524525287929,0.06870786787932241,0.04580524525287929,0.0,0.06870786787932066,0.0,0.0,0.022902622626440224,0.5,0.059021934271100654
1.05,expected,0.025,False,False,100,100,normal,0.2,2.0,2.0,1.25,0.4,0.24591143373937613,0.2509932050645886,0.2560749763898011,0.26115674771501357,0.26623851904022605,0.27132029036543853,0.276402061690651,0.2814838330158635,0.286565604341076,0.29164737566628846,0.2967291469915009,0.30181091831671336,0.30689268964192584,0.3119744609671383,0.3170562322923508,0.3221380036175633,0.32721977494277577,0.33230154626798825,0.3373833175932007,0.3424650889184132,0.3475468602436257,0.35262863156883817,0.35771040289405065,0.36279217421926313,0.3678739455444756,0.3729557168696881,0.3780374881949006,0.38311925952011305,0.38820103084532553,0.393282802170538,0.3983645734957505,0.403446344820963,0.40852811614617546,0.41360988747138794,0.4186916587966004,0.4237734301218129,0.4288552014470254,0.43393697277223786,0.4390187440974503,0.44410051542266277,0.44918228674787525,0.45426405807308773,0.4593458293983002,0.4644276007235127,0.46950937204872517,0.47459114337393765,0.47967291469915013,0.4847546860243626,0.4898364573495751,0.4949182286747875,0.5,0.5050817713252125,0.510163542650425,0.5152453139756374,0.5203270853008499,0.5254088566260624,0.5304906279512749,0.5355723992764874,0.5406541706016998,0.5457359419269123,0.5508177132521248,0.5558994845773373,0.5609812559025498,0.5660630272277622,0.5711447985529747,0.5762265698781872,0.5813083412033997,0.5863901125286122,0.5914718838538247,0.5965536551790371,0.6016354265042496,0.6067171978294621,0.6117989691546746,0.6168807404798871,0.6219625118050995,0.627044283130312,0.6321260544555245,0.637207825780737,0.6422895971059495,0.6473713684311619,0.6524531397563744,0.6575349110815869,0.6626166824067994,0.6676984537320119,0.6727802250572243,0.6778619963824368,0.6829437677076493,0.6880255390328618,0.6931073103580743,0.6981890816832867,0.7032708530084992,0.7083526243337117,0.7134343956589242,0.7185161669841367,0.7235979383093492,0.7286797096345616,0.7337614809597741,0.7388432522849865,0.743925023610199,0.7490067949354116,0.7540885662606239,0.039356355727328506,0.0,0.0,0.0,0.05903453359099276,0.0,0.019678177863664253,0.019678177863664253,0.05903453359099276,0.03935635572732894,0.039356355727328506,0.039356355727328506,0.019678177863664253,0.05903453359099276,0.11806906718198552,0.05903453359099276,0.15742542290931402,0.11806906718198552,0.1771036007729783,0.23613813436397105,0.3345290236822923,0.15742542290931402,0.5903453359099275,0.5116326244552706,0.9642307153195485,1.161012493956191,0.9445525374558842,0.9839088931832128,1.318437916865505,1.7710360077297829,1.6529669405477974,1.7513578298661185,2.302346810048718,2.813979434503988,2.400737699367039,3.1485084581862806,3.9946701063238432,3.8569228612782362,3.915957394869187,4.72276268727942,5.116326244552706,4.821153576597743,5.214717133871027,5.824740647644619,5.64763704687164,6.297016916372561,6.493798695009204,5.962487892690269,6.060878782008657,6.3954078056908825,6.3954078056908825,6.06087878200859,5.962487892690269,6.493798695009204,6.297016916372561,5.64763704687164,5.824740647644619,5.214717133871027,4.821153576597743,5.116326244552706,4.72276268727942,3.915957394869187,3.856922861278194,3.9946701063238432,3.1485084581862806,2.400737699367039,2.813979434503988,2.302346810048718,1.7513578298661185,1.6529669405477974,1.7710360077297829,1.318437916865505,0.9839088931832128,0.9445525374558842,1.161012493956191,0.9642307153195485,0.5116326244552706,0.5903453359099275,0.15742542290931402,0.3345290236822923,0.23613813436397105,0.1771036007729783,0.11806906718198552,0.15742542290931402,0.05903453359099276,0.11806906718198552,0.05903453359099276,0.019678177863664253,0.039356355727328506,0.039356355727328506,0.039356355727328506,0.05903453359099276,0.019678177863664253,0.019678177863664253,0.0,0.05903453359099276,0.0,0.0,0.0,0.039356355727329366,0.5,0.061920884020438174
1.05,expected,0.025,False,False,100,100,normal,0.2,2.0,2.0,1.5,0.1,0.30327131114050215,0.30720588491769213,0.31114045869488205,0.315075032472072,0.319009606249262,0.3229441800264519,0.3268787538036419,0.3308133275808319,0.3347479013580218,0.33868247513521177,0.34261704891240174,0.34655162268959167,0.35048619646678164,0.35442077024397156,0.35835534402116154,0.3622899177983515,0.3662244915755415,0.3701590653527314,0.3740936391299214,0.3780282129071113,0.3819627866843013,0.38589736046149126,0.38983193423868123,0.39376650801587115,0.39770108179306113,0.40163565557025105,0.405570229347441,0.409504803124631,0.413439376901821,0.4173739506790109,0.4213085244562009,0.4252430982333908,0.42917767201058077,0.43311224578777074,0.4370468195649607,0.44098139334215064,0.44491596711934056,0.44885054089653054,0.4527851146737205,0.4567196884509105,0.4606542622281004,0.4645888360052904,0.4685234097824803,0.4724579835596703,0.47639255733686026,0.48032713111405023,0.48426170489124015,0.48819627866843013,0.49213085244562005,0.49606542622281,0.5,0.50393457377719,0.50786914755438,0.5118037213315698,0.5157382951087598,0.5196728688859498,0.5236074426631397,0.5275420164403297,0.5314765902175196,0.5354111639947096,0.5393457377718995,0.5432803115490895,0.5472148853262795,0.5511494591034695,0.5550840328806594,0.5590186066578493,0.5629531804350393,0.5668877542122293,0.5708223279894192,0.5747569017666092,0.5786914755437991,0.5826260493209892,0.586560623098179,0.590495196875369,0.594429770652559,0.5983643444297488,0.6022989182069389,0.6062334919841288,0.6101680657613188,0.6141026395385087,0.6180372133156986,0.6219717870928887,0.6259063608700786,0.6298409346472685,0.6337755084244585,0.6377100822016485,0.6416446559788385,0.6455792297560283,0.6495138035332184,0.6534483773104083,0.6573829510875983,0.6613175248647882,0.6652520986419781,0.6691866724191682,0.673121246196358,0.677055819973548,0.680990393750738,0.684924967527928,0.688859541305118,0.6927941150823078,0.6967286888594978,0.0254157135341401,0.025415713534140457,0.0,0.0,0.0,0.0,0.0254157135341401,0.050831427068280914,0.0762471406024203,0.0254157135341401,0.0,0.1270785676707005,0.07624714060242137,0.1016628541365604,0.1270785676707005,0.1524942812048406,0.20332570827312366,0.3304042759438213,0.20332570827312366,0.38123570301210147,0.5845614112852223,0.38123570301210147,0.45748284361452823,0.6099771248193624,0.6608085518876519,1.0928756819680243,1.2453699631728647,1.0928756819680243,1.3724485308435848,1.7536842338556669,2.1857513639360793,2.084088509799488,2.6940656346188505,3.278627045904073,3.380289900040681,3.380289900040681,4.549412722611078,4.600244149679358,5.820198399318083,5.743951258715743,6.481006951205726,6.404759810603395,6.633501232410565,7.777208341446871,7.72637691437859,8.031365476788386,8.438016893334513,8.209275471527368,9.530892575302536,8.946331164017316,8.946331164017316,9.530892575302536,8.209275471527484,8.438016893334513,8.031365476788272,7.72637691437859,7.777208341446871,6.633501232410754,6.404759810603305,6.481006951205726,5.743951258715662,5.820198399318083,4.600244149679358,4.549412722611078,3.3802899000407285,3.380289900040633,3.278627045904073,2.6940656346188505,2.084088509799488,2.1857513639361104,1.7536842338556173,1.372448530843604,1.0928756819680243,1.2453699631728647,1.0928756819680552,0.660808551887624,0.6099771248193796,0.4574828436145218,0.38123570301210147,0.5845614112852388,0.38123570301209075,0.20332570827312654,0.3304042759438213,0.2033257082731208,0.1524942812048406,0.1270785676707005,0.10166285413656327,0.07624714060241815,0.12707856767070408,0.0,0.0254157135341401,0.07624714060242245,0.05083142706827876,0.025415713534140818,0.0,0.0,0.0,0.0,0.025415713534140818,0.0254157135341401,0.5,0.04642102837370185
1.05,expected,0.025,False,False,100,100,normal,0.2,2.0,2.0,1.5,0.2,0.28855088164990145,0.2927798640169034,0.2970088463839054,0.3012378287509074,0.30546681111790935,0.3096957934849113,0.31392477585191325,0.31815375821891523,0.3223827405859172,0.3266117229529192,0.33084070531992116,0.33506968768692313,0.3392986700539251,0.3435276524209271,0.34775663478792906,0.351985617154931,0.35621459952193296,0.36044358188893494,0.3646725642559369,0.3689015466229389,0.37313052898994087,0.37735951135694284,0.38158849372394477,0.38581747609094674,0.3900464584579487,0.3942754408249507,0.3985044231919527,0.40273340555895465,0.4069623879259566,0.4111913702929586,0.4154203526599606,0.41964933502696256,0.42387831739396453,0.4281072997609665,0.4323362821279685,0.4365652644949704,0.4407942468619724,0.44502322922897436,0.44925221159597634,0.45348119396297826,0.45771017632998023,0.4619391586969822,0.4661681410639842,0.47039712343098616,0.47462610579798814,0.4788550881649901,0.4830840705319921,0.48731305289899407,0.49154203526599605,0.495771017632998,0.5,0.504228982367002,0.508457964734004,0.5126869471010058,0.5169159294680079,0.5211449118350098,0.5253738942020119,0.5296028765690137,0.5338318589360157,0.5380608413030177,0.5422898236700197,0.5465188060370216,0.5507477884040236,0.5549767707710256,0.5592057531380276,0.5634347355050295,0.5676637178720315,0.5718927002390335,0.5761216826060355,0.5803506649730374,0.5845796473400393,0.5888086297070414,0.5930376120740433,0.5972665944410454,0.6014955768080472,0.6057245591750493,0.6099535415420512,0.6141825239090533,0.6184115062760551,0.6226404886430571,0.6268694710100591,0.631098453377061,0.635327435744063,0.639556418111065,0.643785400478067,0.648014382845069,0.6522433652120709,0.6564723475790728,0.6607013299460749,0.6649303123130768,0.6691592946800788,0.6733882770470807,0.6776172594140828,0.6818462417810847,0.6860752241480867,0.6903042065150886,0.6945331888820907,0.6987621712490926,0.7029911536160945,0.7072201359830965,0.7114491183500985,0.023646350663526723,0.0,0.023646350663526723,0.0,0.0,0.047292701327053446,0.0,0.023646350663526723,0.14187810398116035,0.047292701327053446,0.023646350663526723,0.047292701327053446,0.07093905199058018,0.14187810398116035,0.11823175331763516,0.07093905199058018,0.18917080530821379,0.14187810398116035,0.09458540265410689,0.2837562079623207,0.3074025586258474,0.40198796127995956,0.4965733639340612,0.37834161061642757,0.7566832212328551,0.8276222732234353,0.7566832212328551,1.1586711825128093,1.0877321305222292,1.4660737411386568,1.726183598437451,1.537012793129237,2.482866819670306,2.979440183604367,3.499659898202001,3.4760135475384284,3.736123404837222,4.232696768771284,4.70562378204188,5.249489847302932,6.313575627161635,6.218990224507528,6.762856289768642,6.810148991095697,7.259429653702704,7.9215274722814515,7.826942069627345,8.891027849486049,8.701857044177833,8.772796096168415,8.772796096168415,8.701857044177833,8.891027849486282,7.8269420696271395,7.921527472281659,7.259429653702513,6.810148991095875,6.762856289768642,6.218990224507528,6.313575627161635,5.249489847302932,4.705623782041818,4.232696768771284,3.736123404837222,3.4760135475384284,3.4996598982019544,2.979440183604367,2.482866819670306,1.537012793129237,1.726183598437496,1.4660737411386182,1.0877321305222578,1.158671182512779,0.756683221232875,0.8276222732234135,0.756683221232875,0.37834161061641763,0.4965733639340742,0.4019879612799543,0.3074025586258474,0.2837562079623207,0.09458540265410689,0.14187810398116035,0.18917080530821379,0.07093905199058018,0.11823175331763361,0.14187810398116404,0.0709390519905783,0.04729270132705469,0.023646350663526102,0.04729270132705469,0.1418781039811566,0.023646350663527344,0.0,0.04729270132705469,0.0,0.0,0.023646350663526723,0.0,0.023646350663526723,0.5,0.048201288643045945
1.05,expected,0.025,False,False,100,100,normal,0.2,2.0,2.0,1.5,0.3,0.28753198079536185,0.2917813411794546,0.2960307015635474,0.3002800619476401,0.3045294223317329,0.30877878271582565,0.31302814309991844,0.3172775034840112,0.321526863868104,0.3257762242521967,0.3300255846362895,0.33427494502038224,0.338524305404475,0.34277366578856777,0.3470230261726605,0.3512723865567533,0.35552174694084604,0.35977110732493883,0.36402046770903157,0.36826982809312436,0.3725191884772171,0.37676854886130984,0.38101790924540263,0.3852672696294954,0.38951663001358816,0.3937659903976809,0.3980153507817737,0.40226471116586643,0.4065140715499592,0.41076343193405196,0.4150127923181447,0.4192621527022375,0.4235115130863303,0.427760873470423,0.43201023385451576,0.43625959423860855,0.44050895462270134,0.4447583150067941,0.4490076753908868,0.45325703577497956,0.45750639615907235,0.46175575654316514,0.4660051169272579,0.4702544773113506,0.4745038376954434,0.4787531980795362,0.48300255846362894,0.4872519188477217,0.49150127923181447,0.4957506396159072,0.5,0.5042493603840927,0.5084987207681855,0.5127480811522782,0.5169974415363711,0.5212468019204638,0.5254961623045565,0.5297455226886494,0.5339948830727421,0.5382442434568349,0.5424936038409276,0.5467429642250203,0.5509923246091131,0.5552416849932059,0.5594910453772987,0.5637404057613914,0.5679897661454842,0.572239126529577,0.5764884869136697,0.5807378472977625,0.5849872076818552,0.5892365680659479,0.5934859284500408,0.5977352888341335,0.6019846492182264,0.6062340096023191,0.6104833699864118,0.6147327303705046,0.6189820907545973,0.62323145113869,0.6274808115227828,0.6317301719068756,0.6359795322909684,0.6402288926750612,0.644478253059154,0.6487276134432467,0.6529769738273394,0.6572263342114322,0.6614756945955249,0.6657250549796176,0.6699744153637105,0.6742237757478032,0.6784731361318961,0.6827224965159888,0.6869718569000816,0.6912212172841743,0.695470577668267,0.6997199380523598,0.7039692984364525,0.7082186588205454,0.7124680192046381,0.023532953423848178,0.0,0.0,0.0,0.0,0.0,0.023532953423848178,0.023532953423847872,0.023532953423848178,0.0,0.0,0.07059886027154454,0.047065906847695745,0.09413181369539271,0.07059886027154362,0.07059886027154454,0.21179658081463085,0.3529943013577227,0.3294613479338702,0.37652725478157084,0.42359316162926725,0.4235931616292617,0.8001204164108277,0.6353897424439008,0.8236533698346863,0.7530545095631319,1.3413783451593462,1.0119169972254585,0.9883840438016236,2.0003010410270954,2.2826964821132436,2.376828295808635,2.8004214574379334,2.753355550590237,3.506410060153333,3.6946736875441157,4.424195243683458,4.871321358736573,4.5889259176503945,6.1891667504719905,5.53024405460425,6.118567890200527,6.142100843624375,6.706891725796643,6.96575421345897,7.412880328512177,7.271682607969087,7.718808723022102,7.671742816174506,7.718808723022102,7.718808723022202,7.671742816174506,7.718808723022202,7.271682607968898,7.412880328512177,6.965754213459061,6.706891725796556,6.142100843624375,6.118567890200527,5.530244054604323,6.189166750472071,4.5889259176503945,4.871321358736446,4.424195243683458,3.6946736875441637,3.5064100601532875,2.753355550590237,2.8004214574379334,2.376828295808666,2.2826964821132734,2.0003010410270954,0.9883840438015977,1.0119169972254716,1.341378345159311,0.7530545095631417,0.8236533698346863,0.6353897424439008,0.8001204164108381,0.42359316162926725,0.42359316162926725,0.376527254781561,0.3294613479338745,0.3529943013577134,0.21179658081463362,0.07059886027154454,0.07059886027154454,0.09413181369539271,0.047065906847696355,0.07059886027154454,0.0,0.0,0.023532953423847564,0.023532953423848178,0.023532953423848178,0.0,0.0,0.0,0.0,0.0,0.023532953423848178,0.5,0.05119054327094058
1.05,expected,0.025,False,False,100,100,normal,0.2,2.0,2.0,1.5,0.4,0.28960304395735836,0.2938109830782112,0.298018922199064,0.3022268613199169,0.3064348004407697,0.3106427395616225,0.31485067868247535,0.31905861780332817,0.32326655692418105,0.32747449604503387,0.3316824351658867,0.3358903742867395,0.34009831340759233,0.3443062525284452,0.34851419164929803,0.35272213077015085,0.3569300698910037,0.36113800901185655,0.3653459481327094,0.3695538872535622,0.373761826374415,0.37796976549526784,0.38217770461612066,0.38638564373697354,0.39059358285782636,0.3948015219786792,0.399009461099532,0.4032174002203849,0.4074253393412377,0.4116332784620905,0.41584121758294335,0.42004915670379617,0.424257095824649,0.4284650349455018,0.4326729740663547,0.4368809131872075,0.4410888523080604,0.4452967914289132,0.44950473054976603,0.45371266967061885,0.4579206087914717,0.4621285479123245,0.4663364870331773,0.47054442615403014,0.474752365274883,0.47896030439573584,0.4831682435165887,0.48737618263744154,0.49158412175829436,0.4957920608791472,0.5,0.5042079391208528,0.5084158782417056,0.5126238173625586,0.5168317564834113,0.5210396956042642,0.525247634725117,0.5294555738459699,0.5336635129668227,0.5378714520876755,0.5420793912085283,0.5462873303293811,0.5504952694502341,0.5547032085710868,0.5589111476919397,0.5631190868127924,0.5673270259336454,0.5715349650544982,0.575742904175351,0.5799508432962038,0.5841587824170567,0.5883667215379095,0.5925746606587623,0.5967825997796152,0.6009905389004679,0.6051984780213209,0.6094064171421736,0.6136143562630265,0.6178222953838793,0.6220302345047322,0.626238173625585,0.6304461127464378,0.6346540518672907,0.6388619909881434,0.6430699301089964,0.6472778692298491,0.651485808350702,0.6556937474715548,0.6599016865924077,0.6641096257132605,0.6683175648341133,0.6725255039549661,0.676733443075819,0.6809413821966719,0.6851493213175246,0.6893572604383775,0.6935651995592303,0.6977731386800832,0.701981077800936,0.7061890169217888,0.7103969560426416,0.04752920473798729,0.09505840947597458,0.09505840947597333,0.023764602368993644,0.0,0.0,0.04752920473798729,0.02376460236899333,0.04752920473798729,0.07129380710698094,0.04752920473798729,0.09505840947597458,0.16635221658295332,0.09505840947597458,0.11882301184496823,0.11882301184496823,0.2614106260589267,0.23764602368993645,0.3802336379038983,0.42776284264188563,0.5703504568558475,0.6178796615938348,0.7842318781767799,0.6178796615938348,1.1169363113427013,1.0218779018667266,1.4734053468775865,1.8774035871504982,1.7585805753055297,2.495283248744333,2.3526956345303707,2.3526956345303707,2.8517522842792373,2.99433989849316,3.422102741135085,3.873630186145913,4.277628426418856,4.443980643001812,5.228212521178602,5.038095702226653,5.299506328285583,6.250090423045329,6.0362090017243855,7.081851505960013,7.176909915436081,7.69973116755384,6.273855025414322,7.319497529650043,7.034322301222119,7.081851505960106,7.081851505960106,7.034322301222119,7.3194975296498495,6.2738550254144885,7.699731167553738,7.176909915436081,7.081851505960106,6.0362090017243855,6.250090423045329,5.299506328285583,5.038095702226653,5.228212521178464,4.443980643001929,4.277628426418743,3.8736301861460665,3.422102741134995,2.994339898493199,2.8517522842792373,2.3526956345303707,2.3526956345303707,2.495283248744333,1.7585805753055297,1.8774035871504486,1.473405346877645,1.0218779018666997,1.1169363113427306,0.6178796615938185,0.7842318781767903,0.6178796615938348,0.5703504568558475,0.42776284264188563,0.3802336379038883,0.23764602368994275,0.26141062605892323,0.11882301184497138,0.11882301184496509,0.09505840947597458,0.16635221658295551,0.09505840947597458,0.04752920473798729,0.07129380710698094,0.04752920473798729,0.02376460236899302,0.047529204737988544,0.0,0.0,0.023764602368993644,0.09505840947597458,0.09505840947597458,0.04752920473798729,0.5,0.05447998021462276
1.05,expected,0.025,False,False,100,100,normal,0.3,1.2,1.2,0.5,0.1,0.12300454691766412,0.13054445597931083,0.13808436504095756,0.14562427410260426,0.15316418316425098,0.1607040922258977,0.1682440012875444,0.17578391034919114,0.18332381941083786,0.19086372847248456,0.19840363753413132,0.20594354659577802,0.21348345565742471,0.22102336471907147,0.22856327378071817,0.2361031828423649,0.24364309190401162,0.2511830009656583,0.258722910027305,0.2662628190889518,0.2738027281505985,0.2813426372122452,0.2888825462738919,0.2964224553355386,0.3039623643971853,0.3115022734588321,0.3190421825204788,0.32658209158212553,0.33412200064377223,0.34166190970541893,0.3492018187670657,0.3567417278287124,0.3642816368903591,0.37182154595200584,0.37936145501365254,0.38690136407529924,0.39444127313694594,0.4019811821985927,0.4095210912602394,0.4170610003218861,0.42460090938353284,0.43214081844517954,0.43968072750682624,0.447220636568473,0.4547605456301197,0.4623004546917664,0.46984036375341315,0.47738027281505985,0.48492018187670655,0.4924600909383533,0.5,0.5075399090616468,0.5150798181232935,0.5226197271849402,0.5301596362465869,0.5376995453082336,0.5452394543698803,0.5527793634315271,0.5603192724931738,0.5678591815548205,0.5753990906164672,0.5829389996781139,0.5904789087397606,0.5980188178014074,0.6055587268630541,0.6130986359247008,0.6206385449863475,0.6281784540479943,0.635718363109641,0.6432582721712877,0.6507981812329344,0.6583380902945811,0.6658779993562278,0.6734179084178746,0.6809578174795213,0.688497726541168,0.6960376356028147,0.7035775446644614,0.7111174537261081,0.7186573627877549,0.7261972718494016,0.7337371809110483,0.741277089972695,0.7488169990343417,0.7563569080959884,0.7638968171576352,0.7714367262192819,0.7789766352809286,0.7865165443425753,0.794056453404222,0.8015963624658687,0.8091362715275155,0.8166761805891622,0.824216089650809,0.8317559987124556,0.8392959077741023,0.846835816835749,0.8543757258973959,0.8619156349590426,0.8694555440206893,0.876995453082336,0.013262759428846485,0.0,0.0,0.0,0.013262759428846463,0.0,0.0,0.0,0.013262759428846511,0.0,0.0,0.0,0.0,0.026525518857693022,0.026525518857692925,0.09283931600192523,0.07957655657307906,0.09283931600192556,0.15915311314615693,0.1193648348596186,0.18567863200385112,0.25199242914808184,0.3050434668634697,0.3978827828653953,0.3978827828653924,0.4376710611519348,0.6498752120134742,0.7427145280154045,0.8222910845884837,1.1008090325942523,1.0742835137365674,1.3395387023134975,1.3925897400288734,1.6711076880346603,1.8302608011808184,2.029202192613516,2.4270849754788935,2.2546691029039065,2.7453912017712274,3.2361133006385248,3.2891643383539346,3.474842970357786,3.5544195269308387,4.350185092661656,4.098192663513571,4.217557498373159,4.323659573803962,4.2971340549462695,3.8064119560789202,4.973534785817441,4.9735347858173675,3.8064119560789482,4.2971340549462695,4.323659573803962,4.21755749837319,4.098192663513571,4.350185092661591,3.554419526930865,3.474842970357786,3.2891643383539346,3.2361133006385483,2.7453912017712274,2.2546691029038737,2.427084975478911,2.029202192613516,1.8302608011808184,1.6711076880346358,1.3925897400288836,1.3395387023134975,1.0742835137365674,1.1008090325942603,0.8222910845884837,0.7427145280153936,0.649875212013479,0.4376710611519348,0.3978827828653953,0.3978827828653953,0.3050434668634697,0.25199242914807995,0.18567863200385112,0.1193648348596186,0.15915311314615813,0.09283931600192556,0.07957655657307906,0.0928393160019242,0.026525518857693022,0.026525518857693022,0.0,0.0,0.0,0.0,0.013262759428846511,0.0,0.0,0.0,0.013262759428846511,0.0,0.0,0.0,0.013262759428846511,0.5,0.08807853725349145
1.05,expected,0.025,False,False,100,100,normal,0.3,1.2,1.2,0.5,0.2,0.14700697525575618,0.15406683575064106,0.16112669624552595,0.1681865567404108,0.1752464172352957,0.18230627773018057,0.18936613822506543,0.1964259987199503,0.2034858592148352,0.21054571970972008,0.21760558020460496,0.22466544069948982,0.2317253011943747,0.2387851616892596,0.24584502218414445,0.25290488267902933,0.2599647431739142,0.2670246036687991,0.274084464163684,0.28114432465856887,0.2882041851534537,0.29526404564833864,0.30232390614322346,0.30938376663810835,0.31644362713299323,0.3235034876278781,0.330563348122763,0.33762320861764783,0.34468306911253277,0.3517429296074176,0.3588027901023025,0.36586265059718737,0.37292251109207225,0.37998237158695714,0.387042232081842,0.3941020925767269,0.4011619530716118,0.4082218135664966,0.4152816740613815,0.4223415345562664,0.42940139505115127,0.43646125554603615,0.44352111604092104,0.4505809765358059,0.45764083703069075,0.46470069752557563,0.4717605580204605,0.4788204185153454,0.4858802790102303,0.49294013950511517,0.5,0.5070598604948849,0.5141197209897699,0.5211795814846547,0.5282394419795395,0.5352993024744244,0.5423591629693093,0.5494190234641942,0.5564788839590791,0.5635387444539639,0.5705986049488487,0.5776584654437337,0.5847183259386186,0.5917781864335034,0.5988380469283883,0.6058979074232732,0.6129577679181581,0.620017628413043,0.6270774889079278,0.6341373494028126,0.6411972098976976,0.6482570703925825,0.6553169308874673,0.6623767913823522,0.669436651877237,0.676496512372122,0.6835563728670069,0.6906162333618917,0.6976760938567765,0.7047359543516616,0.7117958148465464,0.7188556753414312,0.7259155358363161,0.7329753963312009,0.740035256826086,0.7470951173209708,0.7541549778158556,0.7612148383107404,0.7682746988056253,0.7753345593005103,0.7823944197953951,0.78945428029028,0.7965141407851648,0.8035740012800499,0.8106338617749347,0.8176937222698195,0.8247535827647043,0.8318134432595892,0.8388733037544742,0.845933164249359,0.8529930247442439,0.014164585840251872,0.0,0.0,0.0,0.0,0.014164585840251927,0.028329171680503744,0.014164585840251872,0.014164585840251872,0.028329171680503744,0.0,0.05665834336100749,0.04249375752075562,0.04249375752075578,0.1416458584025187,0.18413961592327432,0.08498751504151124,0.12748127256226685,0.22663337344402995,0.32578547432579563,0.36827923184654576,0.36827923184655154,0.3541146460062968,0.4532667468880599,0.6090771911308305,0.6090771911308305,0.8782043220956229,1.0198501804981268,1.1331668672201585,1.0765085238591423,1.317306483143424,1.317306483143424,1.529775270747202,1.9688774317950102,1.983042017635262,2.294662906120803,2.6204483804466165,2.903740097251634,2.762094238849115,3.342842258299442,3.441994359181205,3.9235902777497684,3.8386027627082573,3.6544631467850115,4.051071550312035,3.9235902777497684,4.192717408714554,4.2493757520755615,4.68847791312337,4.603490398081894,4.6034903980818225,4.688477913123333,4.249375752075595,4.192717408714587,3.923590277749799,4.051071550312003,3.654463146784954,3.8386027627082875,3.923590277749799,3.441994359181232,3.3428422582994157,2.762094238849093,2.9037400972516565,2.6204483804466165,2.2946629061207853,1.9830420176352466,1.9688774317950257,1.529775270747214,1.3173064831434342,1.3173064831434136,1.0765085238591336,1.1331668672201585,1.0198501804981428,0.8782043220956229,0.6090771911308162,0.6090771911308352,0.4532667468880634,0.35411464600629955,0.36827923184653993,0.36827923184655154,0.32578547432579563,0.2266333734440317,0.12748127256226785,0.08498751504150923,0.18413961592327577,0.1416458584025198,0.042493757520755945,0.042493757520755945,0.05665834336100614,0.0,0.028329171680503962,0.014164585840251981,0.014164585840251535,0.028329171680503962,0.014164585840251981,0.0,0.0,0.0,0.0,0.014164585840251981,0.5,0.08930746479719295
1.05,expected,0.025,False,False,100,100,normal,0.3,1.2,1.2,0.5,0.3,0.0774468199233528,0.08589788352488574,0.09434894712641868,0.10280001072795164,0.11125107432948458,0.11970213793101753,0.12815320153255047,0.1366042651340834,0.14505532873561636,0.1535063923371493,0.16195745593868224,0.1704085195402152,0.17885958314174816,0.18731064674328107,0.19576171034481404,0.20421277394634696,0.21266383754787993,0.22111490114941285,0.22956596475094582,0.23801702835247873,0.2464680919540117,0.2549191555555446,0.2633702191570776,0.2718212827586105,0.2802723463601435,0.28872340996167645,0.29717447356320936,0.30562553716474233,0.31407660076627525,0.3225276643678082,0.33097872796934114,0.33942979157087405,0.347880855172407,0.35633191877394,0.3647829823754729,0.3732340459770059,0.3816851095785388,0.39013617318007177,0.3985872367816047,0.40703830038313765,0.41548936398467057,0.42394042758620354,0.43239149118773645,0.4408425547892694,0.44929361839080234,0.4577446819923353,0.4661957455938682,0.4746468091954012,0.48309787279693417,0.4915489363984671,0.5000000000000001,0.508451063601533,0.5169021272030659,0.5253531908045989,0.5338042544061319,0.5422553180076648,0.5507063816091977,0.5591574452107306,0.5676085088122637,0.5760595724137966,0.5845106360153295,0.5929616996168624,0.6014127632183953,0.6098638268199283,0.6183148904214613,0.6267659540229942,0.6352170176245272,0.6436680812260601,0.652119144827593,0.660570208429126,0.669021272030659,0.6774723356321919,0.6859233992337248,0.6943744628352577,0.7028255264367907,0.7112765900383237,0.7197276536398566,0.7281787172413895,0.7366297808429225,0.7450808444444554,0.7535319080459884,0.7619829716475214,0.7704340352490543,0.7788850988505872,0.7873361624521201,0.7957872260536532,0.8042382896551861,0.812689353256719,0.8211404168582519,0.8295914804597849,0.8380425440613178,0.8464936076628508,0.8549446712643837,0.8633957348659167,0.8718467984674496,0.8802978620689825,0.8887489256705156,0.8971999892720485,0.9056510528735814,0.9141021164751143,0.9225531800766472,0.011832830128252845,0.0,0.011832830128252824,0.011832830128252845,0.0,0.0,0.0,0.0,0.0,0.011832830128252845,0.011832830128252845,0.0,0.011832830128252883,0.03549849038475842,0.04733132051301153,0.023665660256505613,0.04733132051301153,0.023665660256505613,0.059164150641264415,0.05916415064126403,0.09466264102602306,0.09466264102602245,0.2129909423085519,0.17749245192379207,0.2366566025650561,0.402316224360598,0.4969788653866178,0.4259818846171038,0.5443101858996291,0.7099698076951729,0.7927996185929431,0.8637965993624548,1.2542799935947975,1.31344414423607,1.5974320673141287,1.526435086544622,1.8577543301356905,2.1772407435985306,2.5322256474461002,2.615055458343887,2.9108762115501903,3.4315207371933365,3.538016208347589,3.573514698732371,4.141490544888482,3.751007150656164,4.212487525657998,4.425478467966549,4.508308278864349,4.378147147453509,4.378147147453567,4.508308278864349,4.425478467966578,4.212487525657971,3.751007150656164,4.141490544888509,3.573514698732371,3.5380162083475653,3.4315207371933365,2.9108762115502094,2.615055458343887,2.532225647446117,2.177240743598502,1.8577543301357025,1.526435086544622,1.5974320673141182,1.31344414423607,1.2542799935948057,0.8637965993624604,0.7927996185929327,0.7099698076951729,0.5443101858996326,0.4259818846171038,0.4969788653866146,0.402316224360598,0.23665660256505766,0.17749245192379323,0.21299094230854906,0.09466264102602306,0.09466264102602306,0.059164150641263645,0.059164150641264415,0.023665660256505766,0.04733132051301153,0.023665660256505454,0.04733132051301153,0.03549849038475865,0.011832830128252883,0.0,0.011832830128252883,0.011832830128252883,0.0,0.0,0.0,0.0,0.0,0.011832830128252883,0.011832830128252883,0.0,0.011832830128252883,0.5,0.09087807026852475
1.05,expected,0.025,False,False,100,100,normal,0.3,1.2,1.2,0.5,0.4,0.15152985104134276,0.1584992540205159,0.16546865699968905,0.1724380599788622,0.17940746295803534,0.18637686593720848,0.19334626891638163,0.20031567189555477,0.20728507487472791,0.21425447785390106,0.2212238808330742,0.22819328381224735,0.2351626867914205,0.24213208977059364,0.24910149274976678,0.25607089572893993,0.2630402987081131,0.2700097016872862,0.27697910466645936,0.2839485076456325,0.29091791062480565,0.2978873136039788,0.30485671658315194,0.3118261195623251,0.31879552254149823,0.3257649255206714,0.3327343284998445,0.33970373147901767,0.3466731344581908,0.35364253743736396,0.3606119404165371,0.36758134339571025,0.3745507463748834,0.38152014935405654,0.3884895523332297,0.3954589553124028,0.40242835829157597,0.4093977612707491,0.41636716424992226,0.4233365672290954,0.43030597020826855,0.4372753731874417,0.44424477616661484,0.451214179145788,0.45818358212496113,0.4651529851041343,0.4721223880833074,0.47909179106248057,0.4860611940416537,0.49303059702082686,0.5,0.5069694029791731,0.5139388059583463,0.5209082089375194,0.5278776119166926,0.5348470148958657,0.5418164178750389,0.548785820854212,0.5557552238333852,0.5627246268125583,0.5696940297917314,0.5766634327709046,0.5836328357500777,0.5906022387292509,0.597571641708424,0.6045410446875972,0.6115104476667703,0.6184798506459435,0.6254492536251166,0.6324186566042898,0.6393880595834629,0.646357462562636,0.6533268655418092,0.6602962685209823,0.6672656715001555,0.6742350744793286,0.6812044774585018,0.6881738804376749,0.6951432834168481,0.7021126863960212,0.7090820893751943,0.7160514923543675,0.7230208953335406,0.7299902983127138,0.7369597012918869,0.7439291042710601,0.7508985072502332,0.7578679102294064,0.7648373132085795,0.7718067161877527,0.7787761191669258,0.7857455221460989,0.7927149251252721,0.7996843281044452,0.8066537310836184,0.8136231340627915,0.8205925370419647,0.8275619400211378,0.834531343000311,0.8415007459794841,0.8484701489586572,0.02869686264342375,0.0,0.0,0.014348431321711874,0.014348431321711874,0.0,0.0,0.02869686264342375,0.07174215660855937,0.02869686264342375,0.0573937252868475,0.0573937252868475,0.08609058793027125,0.04304529396513562,0.10043901925198312,0.10043901925198312,0.1721811758605425,0.14348431321711874,0.20087803850396624,0.30131705775594936,0.41610450832964435,0.37305921436450873,0.5021950962599155,0.4017560770079325,0.6600278407987462,0.7748152913724412,0.803512154015865,1.14787450573695,1.0904807804501024,1.2052682310237974,1.3057072502757805,1.5639790140665941,1.9370382284311027,1.9370382284311027,2.2527037175087643,2.2096584235436287,2.5683692065864254,2.6831566571601204,3.0131705775594937,3.156654890776612,3.21404861606346,3.544062536462833,3.888424888183918,4.175393514618155,4.06060606404446,4.175393514618155,4.161045083296444,4.51975586633924,4.476710572374105,4.074954495366172,4.074954495366172,4.476710572374105,4.51975586633924,4.161045083296444,4.175393514618155,4.06060606404446,4.175393514618155,3.888424888183918,3.544062536462833,3.21404861606346,3.156654890776612,3.0131705775594937,2.6831566571601204,2.5683692065864254,2.2096584235436287,2.2527037175087643,1.9370382284311027,1.9370382284311027,1.5639790140665941,1.3057072502757805,1.2052682310237974,1.0904807804501024,1.14787450573695,0.803512154015865,0.7748152913724412,0.6600278407987462,0.4017560770079325,0.5021950962599155,0.37305921436450873,0.41610450832964435,0.30131705775594936,0.20087803850396624,0.14348431321711874,0.1721811758605425,0.10043901925198312,0.10043901925198312,0.04304529396513562,0.08609058793027125,0.0573937252868475,0.0573937252868475,0.02869686264342375,0.07174215660855937,0.02869686264342375,0.0,0.0,0.014348431321711874,0.014348431321711874,0.0,0.0,0.02869686264342375,0.5,0.09034625282092866
1.05,expected,0.025,False,False,100,100,normal,0.3,1.2,1.2,0.75,0.1,0.23333934078351853,0.23867255396784817,0.24400576715217778,0.24933898033650742,0.25467219352083703,0.2600054067051667,0.2653386198894963,0.2706718330738259,0.2760050462581556,0.2813382594424852,0.28667147262681486,0.29200468581114447,0.2973378989954741,0.30267111217980375,0.30800432536413336,0.313337538548463,0.31867075173279263,0.32400396491712224,0.3293371781014519,0.3346703912857815,0.34000360447011113,0.3453368176544408,0.3506700308387704,0.3560032440231,0.3613364572074297,0.3666696703917593,0.3720028835760889,0.37733609676041857,0.3826693099447482,0.3880025231290778,0.39333573631340746,0.39866894949773707,0.4040021626820667,0.40933537586639634,0.41466858905072596,0.42000180223505557,0.42533501541938523,0.4306682286037149,0.43600144178804445,0.4413346549723741,0.4466678681567038,0.45200108134103334,0.457334294525363,0.46266750770969267,0.4680007208940223,0.4733339340783519,0.47866714726268156,0.48400036044701117,0.4893335736313408,0.49466678681567045,0.5,0.5053332131843297,0.5106664263686593,0.5159996395529889,0.5213328527373186,0.5266660659216482,0.5319992791059778,0.5373324922903074,0.5426657054746371,0.5479989186589667,0.5533321318432964,0.558665345027626,0.5639985582119555,0.5693317713962853,0.5746649845806149,0.5799981977649444,0.5853314109492742,0.5906646241336038,0.5959978373179333,0.6013310505022631,0.6066642636865927,0.6119974768709223,0.617330690055252,0.6226639032395815,0.6279971164239112,0.6333303296082409,0.6386635427925704,0.6439967559769001,0.6493299691612298,0.6546631823455593,0.659996395529889,0.6653296087142186,0.6706628218985482,0.6759960350828779,0.6813292482672075,0.6866624614515371,0.6919956746358668,0.6973288878201964,0.702662101004526,0.7079953141888556,0.7133285273731853,0.7186617405575149,0.7239949537418445,0.7293281669261742,0.7346613801105037,0.7399945932948335,0.7453278064791631,0.7506610196634926,0.7559942328478224,0.761327446032152,0.7666606592164815,0.03750084481671421,0.0,0.018750422408357104,0.0,0.056251267225071025,0.018750422408357205,0.03750084481671441,0.07500168963342803,0.0562512672250716,0.056251267225071025,0.09375211204178602,0.15000337926685764,0.1875042240835701,0.2250050689002864,0.2062546464919271,0.2625059137170008,0.31875718094207245,0.2812563361253551,0.4875109826172873,0.6375143618841449,0.5625126722507102,0.6937656291092165,0.6562647842925021,0.9375211204178504,0.9562715428262174,1.2750287237682898,1.5000337926685607,1.687538016752148,1.762539706385577,1.8375413960189868,2.043796042510935,2.2500506890028644,2.531307025128196,2.5500574475365796,2.7375616716201514,3.1875718094206915,3.093819697378906,3.525079412771191,3.9563391281633287,4.312597153922112,3.9000878609383385,4.331347576330469,4.481350955597325,4.650104757272586,4.8188585589478015,4.893860248581179,5.36262080879016,5.625126722507161,4.95011151580625,5.47512334324036,5.475123343240246,4.95011151580625,5.625126722507219,5.362620808790104,4.893860248581179,4.818858558947851,4.650104757272538,4.481350955597325,4.331347576330559,3.900087860938176,4.312597153922201,3.9563391281634113,3.525079412771044,3.0938196973789704,3.1875718094207577,2.737561671620066,2.5500574475366062,2.531307025128249,2.250050689002794,2.043796042510956,1.8375413960189868,1.7625397063855588,1.6875380167521656,1.5000337926685607,1.2750287237682765,0.9562715428262273,0.9375211204178504,0.6562647842924952,0.6937656291092238,0.5625126722507102,0.6375143618841382,0.4875109826172923,0.2812563361253551,0.3187571809420691,0.26250591371700355,0.2062546464919271,0.2250050689002841,0.18750422408357398,0.15000337926685606,0.09375211204178505,0.0562512672250722,0.056251267225071025,0.07500168963342803,0.03750084481671479,0.018750422408356615,0.0562512672250722,0.0,0.018750422408356615,0.0,0.03750084481671479,0.5,0.07532920349764935
1.05,expected,0.025,False,False,100,100,normal,0.3,1.2,1.2,0.75,0.2,0.2178759500556001,0.2235184310544881,0.22916091205337608,0.23480339305226408,0.2404458740511521,0.2460883550500401,0.2517308360489281,0.2573733170478161,0.26301579804670405,0.2686582790455921,0.27430076004448006,0.2799432410433681,0.2855857220422561,0.29122820304114405,0.29687068404003203,0.30251316503892006,0.30815564603780804,0.3137981270366961,0.31944060803558405,0.32508308903447203,0.33072557003336006,0.33636805103224804,0.34201053203113607,0.34765301303002405,0.353295494028912,0.3589379750278,0.36458045602668804,0.370222937025576,0.37586541802446405,0.381507899023352,0.38715038002224,0.392792861021128,0.398435342020016,0.40407782301890405,0.409720304017792,0.41536278501668,0.421005266015568,0.426647747014456,0.432290228013344,0.437932709012232,0.44357519001112,0.449217671010008,0.45486015200889596,0.460502633007784,0.466145114006672,0.47178759500556,0.477430076004448,0.48307255700333596,0.48871503800222393,0.494357519001112,0.5,0.505642480998888,0.511284961997776,0.5169274429966639,0.5225699239955519,0.52821240499444,0.533854885993328,0.539497366992216,0.5451398479911039,0.5507823289899919,0.55642480998888,0.562067290987768,0.567709771986656,0.5733522529855439,0.5789947339844319,0.5846372149833199,0.590279695982208,0.595922176981096,0.6015646579799839,0.6072071389788719,0.6128496199777599,0.618492100976648,0.624134581975536,0.6297770629744239,0.6354195439733119,0.6410620249721999,0.6467045059710879,0.652346986969976,0.6579894679688639,0.6636319489677519,0.6692744299666399,0.6749169109655279,0.6805593919644158,0.6862018729633039,0.6918443539621919,0.6974868349610799,0.7031293159599679,0.7087717969588558,0.7144142779577439,0.7200567589566319,0.7256992399555199,0.7313417209544079,0.736984201953296,0.7426266829521839,0.7482691639510719,0.7539116449499599,0.7595541259488479,0.7651966069477358,0.7708390879466239,0.7764815689455119,0.7821240499443999,0.03544540070926514,0.0,0.0,0.0,0.0,0.05316810106389771,0.05316810106389797,0.035445400709265315,0.05316810106389745,0.05316810106389797,0.03544540070926497,0.07089080141853063,0.15950430319169392,0.14178160283706126,0.14178160283705987,0.15950430319169392,0.2481178049648548,0.3898994078019185,0.3012859060287552,0.3012859060287522,0.31900860638338785,0.4962356099297096,0.49623560992971444,0.567126411348245,0.8684123173770003,0.9038577180862567,1.2760344255335514,1.4709841294344963,1.4355387287252452,1.6836565336901026,1.6659338333354698,2.2507829450383254,1.8786062375910435,2.179892143619817,2.6229596524856333,3.012859060287552,2.8710774574504625,3.544540070926532,4.218002684402531,3.86354867730992,4.111666482274777,4.076221081565512,4.607902092204446,4.625624792559078,5.0332469007156755,5.299087406035165,5.0686923014249405,5.050969601070308,5.210473904261899,5.671264113482451,5.671264113482451,5.210473904262002,5.050969601070308,5.0686923014249405,5.299087406035061,5.0332469007156755,4.625624792559124,4.607902092204491,4.076221081565512,4.111666482274696,3.86354867730992,4.218002684402573,3.544540070926532,2.8710774574504905,3.012859060287552,2.622959652485582,2.179892143619817,1.878606237591062,2.2507829450383476,1.6659338333354698,1.6836565336900695,1.4355387287252452,1.4709841294345107,1.2760344255335514,0.9038577180862656,0.8684123173770003,0.5671264113482339,0.49623560992971444,0.49623560992971444,0.31900860638338785,0.3012859060287552,0.3012859060287552,0.38989940780191085,0.24811780496485722,0.15950430319169392,0.14178160283706126,0.14178160283706126,0.1595043031916908,0.07089080141853063,0.035445400709265315,0.05316810106389797,0.053168101063896925,0.035445400709265315,0.05316810106389797,0.05316810106389797,0.0,0.0,0.0,0.0,0.035445400709265315,0.5,0.07462476396029462
1.05,expected,0.025,False,False,100,100,normal,0.3,1.2,1.2,0.75,0.3,0.2066676385177355,0.21253428574738079,0.2184009329770261,0.22426758020667137,0.23013422743631667,0.23600087466596195,0.24186752189560723,0.24773416912525253,0.25360081635489784,0.2594674635845431,0.2653341108141884,0.2712007580438337,0.27706740527347895,0.28293405250312426,0.28880069973276956,0.29466734696241487,0.30053399419206017,0.3064006414217054,0.3122672886513507,0.31813393588099603,0.3240005831106413,0.3298672303402866,0.3357338775699319,0.34160052479957714,0.34746717202922245,0.35333381925886775,0.359200466488513,0.36506711371815836,0.3709337609478036,0.3768004081774489,0.3826670554070942,0.3885337026367395,0.3944003498663848,0.4002669970960301,0.40613364432567534,0.41200029155532064,0.41786693878496595,0.4237335860146112,0.42960023324425656,0.4354668804739018,0.4413335277035471,0.4472001749331924,0.45306682216283767,0.458933469392483,0.4648001166221283,0.47066676385177353,0.47653341108141883,0.48240005831106414,0.4882667055407094,0.4941333527703547,0.5,0.5058666472296454,0.5117332944592905,0.5175999416889359,0.5234665889185812,0.5293332361482265,0.5351998833778717,0.5410665306075171,0.5469331778371623,0.5527998250668076,0.5586664722964529,0.5645331195260982,0.5703997667557434,0.5762664139853888,0.582133061215034,0.5879997084446793,0.5938663556743247,0.5997330029039699,0.6055996501336152,0.6114662973632605,0.6173329445929058,0.623199591822551,0.6290662390521964,0.6349328862818416,0.6407995335114869,0.6466661807411322,0.6525328279707776,0.6583994752004227,0.6642661224300681,0.6701327696597135,0.6759994168893587,0.681866064119004,0.6877327113486493,0.6935993585782946,0.6994660058079398,0.7053326530375852,0.7111993002672304,0.7170659474968757,0.722932594726521,0.7287992419561663,0.7346658891858115,0.7405325364154569,0.7463991836451022,0.7522658308747474,0.7581324781043928,0.763999125334038,0.7698657725636833,0.7757324197933286,0.7815990670229739,0.7874657142526192,0.7933323614822645,0.017045511019425388,0.017045511019425304,0.0,0.0,0.017045511019425388,0.017045511019425388,0.0,0.03409102203885061,0.017045511019425467,0.06818204407770122,0.017045511019425304,0.1022730661165528,0.051136533058275924,0.06818204407770122,0.2045461322331037,0.18750062121367836,0.1022730661165528,0.25568266529137956,0.35795573140793147,0.255682665291382,0.392046753446782,0.6477294187381616,0.4943198195633386,0.5965928856798857,0.7329569738352882,0.9204575950489753,0.7840935068935567,1.0056851501461026,1.2443223044180474,1.551141502767703,1.6363690578648449,2.113643366408738,2.0284158113116115,2.250007454564162,2.79546380718575,2.625008696991497,3.3579656708268173,3.528420781021005,3.681830380195901,4.039786111603798,3.869331001409545,4.159104688739815,4.363650820972878,4.517060420147707,4.568196953206026,4.789788596458511,5.369335971118971,4.909107173594535,5.198880860924719,5.26706290500242,5.26706290500237,5.1988808609248665,4.909107173594442,5.369335971118921,4.789788596458556,4.568196953206026,4.517060420147663,4.36365082097292,4.159104688739815,3.869331001409508,4.039786111603836,3.681830380195901,3.528420781021005,3.3579656708268173,2.625008696991522,2.795463807185724,2.250007454564162,2.0284158113116306,2.113643366408718,1.6363690578648449,1.5511415027677176,1.2443223044180356,1.0056851501461026,0.7840935068935715,0.9204575950489577,0.7329569738352812,0.5965928856799027,0.4943198195633292,0.6477294187381555,0.39204675344678575,0.255682665291382,0.357955731407928,0.255682665291382,0.1022730661165528,0.18750062121367658,0.2045461322331056,0.06818204407770187,0.05113653305827544,0.1022730661165528,0.017045511019425467,0.06818204407770058,0.017045511019425467,0.034091022038850935,0.0,0.017045511019425467,0.017045511019425467,0.0,0.0,0.017045511019425145,0.017045511019425467,0.5,0.07609074148752402
1.05,expected,0.025,False,False,100,100,normal,0.3,1.2,1.2,0.75,0.4,0.17504870817549548,0.18154773401198557,0.18804675984847566,0.19454578568496575,0.20104481152145584,0.20754383735794593,0.21404286319443602,0.2205418890309261,0.2270409148674162,0.2335399407039063,0.2400389665403964,0.24653799237688648,0.25303701821337654,0.25953604404986663,0.2660350698863567,0.2725340957228468,0.2790331215593369,0.285532147395827,0.2920311732323171,0.2985301990688072,0.30502922490529727,0.31152825074178736,0.31802727657827745,0.32452630241476754,0.33102532825125763,0.3375243540877477,0.3440233799242378,0.3505224057607279,0.357021431597218,0.3635204574337081,0.3700194832701982,0.37651850910668827,0.38301753494317836,0.38951656077966845,0.39601558661615854,0.40251461245264863,0.4090136382891387,0.4155126641256288,0.4220116899621189,0.428510715798609,0.4350097416350991,0.4415087674715892,0.44800779330807927,0.45450681914456936,0.46100584498105945,0.46750487081754954,0.47400389665403964,0.4805029224905297,0.4870019483270198,0.4935009741635099,0.5,0.5064990258364901,0.5129980516729802,0.5194970775094703,0.5259961033459604,0.5324951291824505,0.5389941550189405,0.5454931808554306,0.5519922066919207,0.5584912325284108,0.5649902583649009,0.571489284201391,0.5779883100378811,0.5844873358743712,0.5909863617108613,0.5974853875473514,0.6039844133838415,0.6104834392203315,0.6169824650568216,0.6234814908933117,0.6299805167298018,0.6364795425662919,0.642978568402782,0.6494775942392721,0.6559766200757622,0.6624756459122523,0.6689746717487424,0.6754736975852325,0.6819727234217225,0.6884717492582126,0.6949707750947027,0.7014698009311928,0.7079688267676829,0.714467852604173,0.7209668784406631,0.7274659042771532,0.7339649301136433,0.7404639559501334,0.7469629817866235,0.7534620076231135,0.7599610334596036,0.7664600592960937,0.7729590851325838,0.7794581109690739,0.785957136805564,0.7924561626420541,0.7989551884785442,0.8054542143150343,0.8119532401515244,0.8184522659880145,0.8249512918245046,0.030773842885353626,0.0,0.0,0.0,0.030773842885353626,0.0,0.0,0.015386921442676813,0.0,0.015386921442676813,0.0,0.015386921442676879,0.04616076432803044,0.030773842885353626,0.09232152865606089,0.09232152865606089,0.06154768577070725,0.2154169001974754,0.29235150741085947,0.18464305731212177,0.23080382164015223,0.415446878952274,0.44622072183762757,0.5077684076083349,0.6000899362643958,0.7231853078058103,0.8770545222325783,0.6924114649204567,1.0001498937739928,1.0924714224300538,1.3540490869555597,1.4309836941689436,1.5386921442676813,2.046460551876016,1.9233651803346017,2.646550488140412,2.508068195156321,3.215866581519454,3.215866581519454,3.47744424604496,3.7236349891277887,3.7697957534558197,4.277564161064154,4.723784882901782,4.800719490115166,4.554528747032337,5.21616636906744,4.646850275688398,5.3084878977235,4.846880254443197,4.846880254443197,5.3084878977235,4.646850275688398,5.21616636906744,4.554528747032337,4.800719490115166,4.723784882901782,4.277564161064154,3.7697957534558197,3.7236349891277887,3.47744424604496,3.215866581519454,3.215866581519454,2.508068195156321,2.646550488140412,1.9233651803346017,2.046460551876016,1.5386921442676813,1.4309836941689436,1.3540490869555597,1.0924714224300538,1.0001498937739928,0.6924114649204567,0.8770545222325783,0.7231853078058103,0.6000899362643958,0.5077684076083349,0.44622072183762757,0.415446878952274,0.23080382164015223,0.18464305731212177,0.29235150741085947,0.2154169001974754,0.06154768577070725,0.09232152865606089,0.09232152865606089,0.030773842885353626,0.04616076432803044,0.015386921442676813,0.0,0.015386921442676813,0.0,0.015386921442676813,0.0,0.0,0.030773842885353626,0.0,0.0,0.0,0.030773842885353626,0.5,0.07882987665084112
1.05,expected,0.025,False,False,100,100,normal,0.3,1.2,1.2,1.0,0.1,0.24343077840136762,0.24856216283334026,0.2536935472653129,0.25882493169728554,0.2639563161292582,0.2690877005612309,0.2742190849932035,0.27935046942517616,0.2844818538571488,0.28961323828912144,0.2947446227210941,0.2998760071530667,0.3050073915850394,0.310138776017012,0.3152701604489847,0.32040154488095735,0.32553292931293,0.3306643137449026,0.33579569817687527,0.34092708260884796,0.34605846704082055,0.35118985147279325,0.3563212359047659,0.36145262033673853,0.36658400476871117,0.3717153892006838,0.37684677363265645,0.3819781580646291,0.3871095424966018,0.3922409269285744,0.39737231136054707,0.4025036957925197,0.40763508022449235,0.412766464656465,0.41789784908843763,0.42302923352041033,0.4281606179523829,0.4332920023843556,0.43842338681632825,0.4435547712483009,0.44868615568027354,0.4538175401122462,0.4589489245442188,0.46408030897619146,0.46921169340816415,0.47434307784013674,0.47947446227210944,0.4846058467040821,0.4897372311360547,0.49486861556802736,0.5,0.5051313844319727,0.5102627688639453,0.515394153295918,0.5205255377278906,0.5256569221598633,0.530788306591836,0.5359196910238085,0.5410510754557811,0.5461824598877538,0.5513138443197265,0.5564452287516992,0.5615766131836718,0.5667079976156444,0.5718393820476171,0.5769707664795898,0.5821021509115624,0.587233535343535,0.5923649197755076,0.5974963042074803,0.602627688639453,0.6077590730714256,0.6128904575033982,0.6180218419353709,0.6231532263673436,0.6282846107993162,0.6334159952312889,0.6385473796632615,0.6436787640952342,0.6488101485272069,0.6539415329591795,0.659072917391152,0.6642043018231247,0.6693356862550974,0.67446707068707,0.6795984551190427,0.6847298395510153,0.689861223982988,0.6949926084149607,0.7001239928469333,0.7052553772789059,0.7103867617108786,0.7155181461428513,0.720649530574824,0.7257809150067965,0.7309122994387691,0.7360436838707418,0.7411750683027145,0.7463064527346871,0.7514378371666598,0.7565692215986324,0.05846375456314662,0.0,0.0,0.0,0.01948791818771533,0.038975836375431075,0.019487918187715537,0.0,0.05846375456314662,0.038975836375431075,0.038975836375431075,0.01948791818771533,0.077951672750863,0.07795167275086132,0.0974395909385777,0.33129460919116416,0.21436710006487092,0.3702704455665953,0.29231877281572993,0.2728308546280205,0.3312946091911606,0.44822211831745745,0.5846375456314662,0.7015650547577594,0.6431013001946128,0.8769563184471992,1.188763009450648,1.2862026003892117,1.6369851277681229,1.8708401460206714,1.7928884732698298,1.9487918187715538,2.1826468370241403,2.3385501825258648,2.552917282590708,3.819631964792287,3.5078252737887587,3.410385682850219,4.3847815922359965,4.150926573983409,4.599148692300867,5.261737910683196,5.24224999249548,5.476105010748007,5.4761050107481255,5.125322483369131,6.099718392754964,6.138694229130395,5.9048392108778085,6.431013001946128,6.4310130019460585,5.9048392108778724,6.138694229130328,6.0997183927550305,5.125322483369131,5.476105010748007,5.4761050107481255,5.242249992495537,5.261737910683139,4.599148692300817,4.150926573983365,4.384781592236044,3.410385682850256,3.5078252737887587,3.819631964792204,2.5529172825907636,2.33855018252589,2.1826468370241168,1.9487918187715327,1.79288847326981,1.8708401460207118,1.6369851277681229,1.2862026003892117,1.188763009450635,0.8769563184472088,0.6431013001946059,0.701565054757767,0.5846375456314599,0.4482221183174525,0.3312946091911677,0.2728308546280205,0.29231877281572993,0.3702704455665913,0.21436710006487325,0.3312946091911606,0.09743959093857875,0.07795167275086132,0.07795167275086132,0.01948791818771575,0.0389758363754315,0.03897583637543066,0.05846375456314598,0.0,0.01948791818771575,0.0389758363754315,0.01948791818771533,0.0,0.0,0.0,0.058463754563147244,0.5,0.06539825875777254
1.05,expected,0.025,False,False,100,100,normal,0.3,1.2,1.2,1.0,0.2,0.2392058430269657,0.2444217261664264,0.24963760930588708,0.2548534924453478,0.26006937558480847,0.2652852587242691,0.2705011418637298,0.2757170250031905,0.2809329081426512,0.2861487912821119,0.29136467442157254,0.29658055756103324,0.30179644070049394,0.30701232383995464,0.31222820697941533,0.317444090118876,0.3226599732583367,0.32787585639779737,0.33309173953725807,0.33830762267671877,0.3435235058161794,0.3487393889556401,0.3539552720951008,0.3591711552345615,0.3643870383740222,0.36960292151348284,0.37481880465294354,0.38003468779240424,0.38525057093186493,0.39046645407132563,0.3956823372107863,0.40089822035024697,0.40611410348970767,0.41132998662916836,0.41654586976862906,0.4217617529080897,0.4269776360475504,0.4321935191870111,0.4374094023264718,0.4426252854659325,0.44784116860539314,0.45305705174485383,0.45827293488431453,0.46348881802377523,0.4687047011632359,0.47392058430269657,0.47913646744215727,0.48435235058161796,0.4895682337210786,0.49478411686053936,0.5,0.5052158831394608,0.5104317662789214,0.515647649418382,0.5208635325578428,0.5260794156973034,0.5312952988367642,0.5365111819762248,0.5417270651156855,0.5469429482551462,0.5521588313946069,0.5573747145340676,0.5625905976735283,0.5678064808129889,0.5730223639524497,0.5782382470919103,0.583454130231371,0.5886700133708317,0.5938858965102923,0.5991017796497531,0.6043176627892137,0.6095335459286745,0.6147494290681351,0.6199653122075958,0.6251811953470565,0.6303970784865172,0.6356129616259779,0.6408288447654386,0.6460447279048992,0.65126061104436,0.6564764941838206,0.6616923773232813,0.666908260462742,0.6721241436022026,0.6773400267416634,0.682555909881124,0.6877717930205848,0.6929876761600454,0.6982035592995061,0.7034194424389668,0.7086353255784275,0.7138512087178882,0.7190670918573489,0.7242829749968095,0.7294988581362702,0.7347147412757309,0.7399306244151915,0.7451465075546523,0.7503623906941129,0.7555782738335736,0.7607941569730343,0.07668883471982052,0.019172208679955234,0.0,0.0,0.0,0.01917220867995513,0.01917220867995513,0.03834441735991026,0.01917220867995513,0.03834441735991067,0.05751662603986539,0.05751662603986539,0.09586104339977565,0.03834441735991026,0.19172208679955333,0.23006650415946156,0.1917220867995513,0.17254987811959618,0.2875831301993269,0.21089429547950866,0.5176496343587885,0.4217885909590129,0.5751662603986538,0.6135106777585642,0.6901995124783921,0.9010938079578911,0.8627493905979808,1.45708785967659,1.4187434423166796,1.8213598245957567,2.051426328755199,1.7063265725160064,2.16645958083493,2.6457647978338077,2.4923871283941934,2.799142467273449,3.4509975623919233,3.393480936352058,3.642719649191475,4.237058118270129,4.486296831109501,4.582157874509276,5.19566855226784,5.732490395306584,5.713318186626689,5.598284934546898,6.058417942865821,6.096762360225796,6.192623403625441,6.576067577224681,6.576067577224539,6.192623403625573,6.096762360225796,6.0584179428657565,5.598284934546958,5.713318186626568,5.7324903953066455,5.195668552267896,4.582157874509227,4.486296831109548,4.237058118270038,3.6427196491915135,3.3934809363520944,3.4509975623918865,2.799142467273479,2.4923871283941406,2.645764797833836,2.1664595808349527,1.7063265725159884,2.0514263287552206,1.8213598245957179,1.4187434423166947,1.4570878596766053,0.8627493905979716,0.9010938079579007,0.6901995124783773,0.6135106777585707,0.57516626039866,0.42178859095900834,0.517649634358794,0.21089429547950417,0.28758313019933,0.17254987811959802,0.19172208679954927,0.230066504159464,0.19172208679954927,0.03834441735991067,0.09586104339977666,0.05751662603986477,0.057516626039866,0.03834441735990985,0.019172208679955335,0.03834441735991067,0.019172208679954925,0.019172208679955335,0.0,0.0,0.0,0.019172208679955335,0.0766888347198197,0.5,0.06575871774310207
1.05,expected,0.025,False,False,100,100,normal,0.3,1.2,1.2,1.0,0.3,0.2565295896411305,0.2613989978483079,0.26626840605548524,0.27113781426266265,0.27600722246984005,0.28087663067701746,0.2857460388841948,0.2906154470913722,0.2954848552985496,0.300354263505727,0.3052236717129044,0.3100930799200818,0.3149624881272592,0.31983189633443654,0.32470130454161394,0.32957071274879135,0.33444012095596876,0.33930952916314616,0.3441789373703235,0.3490483455775009,0.3539177537846783,0.3587871619918557,0.3636565701990331,0.3685259784062105,0.3733953866133879,0.37826479482056524,0.38313420302774265,0.38800361123492005,0.3928730194420974,0.3977424276492748,0.4026118358564522,0.4074812440636296,0.412350652270807,0.4172200604779844,0.4220894686851618,0.42695887689233913,0.43182828509951654,0.43669769330669395,0.44156710151387135,0.44643650972104876,0.45130591792822616,0.4561753261354035,0.4610447343425809,0.46591414254975827,0.4707835507569357,0.4756529589641131,0.4805223671712905,0.4853917753784679,0.49026118358564524,0.49513059179282265,0.5,0.5048694082071774,0.5097388164143548,0.5146082246215322,0.5194776328287096,0.524347041035887,0.5292164492430644,0.5340858574502418,0.5389552656574192,0.5438246738645965,0.548694082071774,0.5535634902789514,0.5584328984861288,0.563302306693306,0.5681717149004835,0.5730411231076609,0.5779105313148383,0.5827799395220157,0.5876493477291931,0.5925187559363705,0.5973881641435479,0.6022575723507253,0.6071269805579027,0.6119963887650801,0.6168657969722574,0.6217352051794348,0.6266046133866122,0.6314740215937896,0.6363434298009669,0.6412128380081443,0.6460822462153217,0.6509516544224991,0.6558210626296765,0.660690470836854,0.6655598790440314,0.6704292872512088,0.6752986954583862,0.6801681036655636,0.685037511872741,0.6899069200799183,0.6947763282870957,0.6996457364942731,0.7045151447014505,0.7093845529086278,0.7142539611158052,0.7191233693229826,0.72399277753016,0.7288621857373374,0.7337315939445148,0.7386010021516922,0.7434704103588696,0.041072752887138145,0.0,0.0,0.0,0.041072752887138145,0.0,0.041072752887138145,0.041072752887138145,0.041072752887138145,0.10268188221784655,0.10268188221784537,0.041072752887138145,0.02053637644356931,0.20536376443569074,0.16429101154855258,0.12321825866141446,0.34911839954067425,0.34911839954067825,0.287509270209967,0.4723366582020887,0.6160912933070792,0.6777004226377795,0.9241369399606083,0.821455057742763,0.9652096928477575,1.1089643279527301,1.355400845275559,1.5196918568241289,1.601837362598388,1.8277375034776475,2.3822196674540126,2.5259743025589962,2.66972893766401,2.813483572768963,3.3474293603017977,3.059920090091792,3.265283854527483,3.8197660185038482,4.374248182480213,4.764439334908025,4.867121217125926,4.702830205577318,5.544821639763714,5.791258157086479,5.33945787532796,5.544821639763651,5.976085545078601,5.811794533530115,6.037694674409308,6.201985685957931,6.201985685957861,6.037694674409308,5.811794533530048,5.976085545078601,5.544821639763651,5.33945787532796,5.791258157086479,5.544821639763651,4.702830205577426,4.867121217125871,4.764439334908025,4.374248182480213,3.819766018503935,3.265283854527483,3.059920090091792,3.347429360301759,2.813483572768963,2.66972893766398,2.5259743025589962,2.3822196674540126,1.8277375034776475,1.601837362598388,1.5196918568241116,1.35540084527559,1.1089643279527301,0.9652096928477466,0.821455057742763,0.9241369399606294,0.6777004226377795,0.6160912933070722,0.4723366582020887,0.287509270209967,0.34911839954067425,0.34911839954067425,0.12321825866141446,0.16429101154855258,0.20536376443569074,0.020536376443569072,0.04107275288713909,0.10268188221784537,0.10268188221784537,0.041072752887138145,0.04107275288713909,0.041072752887138145,0.0,0.041072752887138145,0.0,0.0,0.0,0.041072752887138145,0.5,0.06522535002632415
1.05,expected,0.025,False,False,100,100,normal,0.3,1.2,1.2,1.0,0.4,0.25731630675380307,0.262169980618727,0.26702365448365095,0.27187732834857486,0.27673100221349883,0.28158467607842275,0.2864383499433467,0.29129202380827063,0.2961456976731946,0.3009993715381185,0.3058530454030425,0.3107067192679664,0.31556039313289036,0.3204140669978143,0.32526774086273824,0.33012141472766215,0.33497508859258607,0.33982876245751004,0.344682436322434,0.3495361101873579,0.35438978405228183,0.3592434579172058,0.3640971317821297,0.3689508056470537,0.3738044795119776,0.37865815337690156,0.3835118272418255,0.3883655011067494,0.39321917497167336,0.3980728488365973,0.40292652270152124,0.40778019656644515,0.4126338704313691,0.4174875442962931,0.422341218161217,0.4271948920261409,0.4320485658910649,0.43690223975598885,0.44175591362091277,0.4466095874858367,0.45146326135076065,0.45631693521568456,0.4611706090806085,0.46602428294553244,0.4708779568104564,0.4757316306753803,0.48058530454030424,0.4854389784052282,0.4902926522701522,0.4951463261350761,0.5,0.504853673864924,0.5097073477298479,0.5145610215947718,0.5194146954596958,0.5242683693246197,0.5291220431895436,0.5339757170544677,0.5388293909193915,0.5436830647843155,0.5485367386492395,0.5533904125141633,0.5582440863790873,0.5630977602440113,0.5679514341089351,0.5728051079738591,0.577658781838783,0.5825124557037069,0.587366129568631,0.5922198034335548,0.5970734772984788,0.6019271511634028,0.6067808250283266,0.6116344988932506,0.6164881727581746,0.6213418466230984,0.6261955204880225,0.6310491943529464,0.6359028682178703,0.6407565420827943,0.6456102159477182,0.6504638898126421,0.6553175636775661,0.66017123754249,0.6650249114074139,0.6698785852723379,0.6747322591372618,0.6795859330021858,0.6844396068671097,0.6892932807320337,0.6941469545969576,0.6990006284618815,0.7038543023268055,0.7087079761917294,0.7135616500566533,0.7184153239215774,0.7232689977865012,0.7281226716514251,0.7329763455163492,0.737830019381273,0.742683693246197,0.061808850027607457,0.041205900018404504,0.020602950009202484,0.06180885002760675,0.10301475004601243,0.020602950009202252,0.08241180003680994,0.020602950009202252,0.12361770005521491,0.08241180003680901,0.10301475004601243,0.16482360007361802,0.12361770005521491,0.22663245010122474,0.16482360007361987,0.45326490020245463,0.32964720014723603,0.32964720014723603,0.6592944002944795,0.5974855502668721,0.6592944002944721,0.7417062003312895,0.6592944002944721,0.9477357004233143,1.071353400478517,1.3391917505981614,1.4216035506349716,1.3597947006073485,1.9984861508926184,2.204515650984666,2.163309750966261,2.7401923512238993,2.204515650984641,2.5547658011411083,3.0698395513711705,3.5643103515919896,3.605516251610394,3.5849133016012327,3.7497369016748525,4.615060802061304,4.264810651904915,4.615060802061357,5.2743552023557765,4.841693252162529,5.7070171525490885,5.789428952585898,6.119076152733068,6.22209090277908,6.0778702527147335,6.0778702527147335,6.077870252714664,6.077870252714664,6.222090902779223,6.119076152733068,5.7894289525858325,5.707017152549154,4.841693252162417,5.274355202355896,4.615060802061304,4.264810651904866,4.61506080206141,3.7497369016748094,3.584913301601192,3.605516251610476,3.5643103515919896,3.069839551371135,2.5547658011411376,2.2045156509845905,2.740192351223962,2.1633097509662362,2.204515650984641,1.998486150892664,1.3597947006073485,1.4216035506349554,1.339191750598177,1.0713534004784926,0.9477357004233252,0.6592944002944721,0.741706200331281,0.659294400294487,0.5974855502668652,0.6592944002944721,0.3296472001472435,0.32964720014723603,0.45326490020244947,0.16482360007362176,0.22663245010121955,0.12361770005521633,0.16482360007361802,0.10301475004601125,0.08241180003681088,0.1236177000552135,0.020602950009202252,0.08241180003681088,0.02060295000920178,0.10301475004601361,0.061808850027608164,0.02060295000920178,0.04120590001840544,0.06180885002760675,0.5,0.06832232736221608
1.05,expected,0.025,False,False,100,100,normal,0.3,1.2,1.2,1.25,0.1,0.29300065269755077,0.29714063964359977,0.3012806265896487,0.3054206135356977,0.3095606004817467,0.3137005874277957,0.31784057437384466,0.32198056131989367,0.32612054826594267,0.3302605352119916,0.3344005221580406,0.3385405091040896,0.3426804960501386,0.34682048299618756,0.35096046994223656,0.3551004568882855,0.3592404438343345,0.3633804307803835,0.3675204177264325,0.37166040467248146,0.37580039161853046,0.37994037856457946,0.3840803655106284,0.3882203524566774,0.3923603394027264,0.3965003263487754,0.40064031329482436,0.40478030024087336,0.40892028718692236,0.4130602741329713,0.4172002610790203,0.4213402480250693,0.4254802349711183,0.42962022191716726,0.43376020886321626,0.4379001958092652,0.4420401827553142,0.4461801697013632,0.4503201566474122,0.4544601435934612,0.45860013053951015,0.46274011748555915,0.4668801044316081,0.4710200913776571,0.4751600783237061,0.4793000652697551,0.4834400522158041,0.48758003916185305,0.49172002610790205,0.495860013053951,0.5,0.504139986946049,0.508279973892098,0.512419960838147,0.516559947784196,0.5206999347302449,0.5248399216762939,0.5289799086223429,0.5331198955683919,0.5372598825144409,0.5413998694604898,0.5455398564065388,0.5496798433525878,0.5538198302986368,0.5579598172446858,0.5620998041907348,0.5662397911367838,0.5703797780828328,0.5745197650288818,0.5786597519749308,0.5827997389209797,0.5869397258670287,0.5910797128130777,0.5952196997591266,0.5993596867051756,0.6034996736512246,0.6076396605972736,0.6117796475433226,0.6159196344893716,0.6200596214354206,0.6241996083814696,0.6283395953275186,0.6324795822735676,0.6366195692196165,0.6407595561656655,0.6448995431117145,0.6490395300577634,0.6531795170038124,0.6573195039498614,0.6614594908959104,0.6655994778419594,0.6697394647880084,0.6738794517340574,0.6780194386801064,0.6821594256261554,0.6862994125722044,0.6904393995182534,0.6945793864643023,0.6987193734103513,0.7028593603564003,0.7069993473024493,0.024154665534739196,0.024154665534739522,0.024154665534739196,0.0,0.024154665534739196,0.024154665534739522,0.0724639966042176,0.09661866213895678,0.09661866213895809,0.0724639966042176,0.1449279932084352,0.19323732427791357,0.16908265874317666,0.3140106519516096,0.31401065195161376,0.1690826587431744,0.4589386451600448,0.3381653174863488,0.7487946315769252,0.7487946315769152,0.8937226247853504,0.7487946315769252,0.6521759694379583,0.7971039626463936,0.9661866213895679,1.207733276736976,1.4975892631538303,1.8599092461749183,1.8840639117096827,2.028991904918093,2.584549212217094,2.536239881147616,3.0434878573771798,3.30918917825927,4.154602471975198,4.106293140905664,4.347839796253056,4.396149127322534,5.000015765691014,6.618378356518629,5.748810397267929,5.241562421038476,5.990357052615321,6.352677035636409,6.207749042427974,6.425141032240626,6.980698339539721,7.584564977908109,6.666687687588108,6.884079677400671,6.884079677400671,6.666687687588019,7.584564977908109,6.980698339539628,6.4251410322407985,6.207749042427974,6.352677035636409,5.990357052615321,5.241562421038406,5.748810397268083,6.61837835651854,5.000015765691014,4.396149127322534,4.347839796253056,4.106293140905664,4.154602471975142,3.30918917825927,3.043487857377139,2.536239881147616,2.5845492122171634,2.028991904918093,1.8840639117096576,1.8599092461749682,1.4975892631538303,1.20773327673696,0.9661866213895679,0.7971039626463936,0.6521759694379583,0.7487946315769152,0.8937226247853504,0.7487946315769152,0.7487946315769152,0.33816531748635786,0.4589386451600448,0.1690826587431744,0.314010651951618,0.3140106519516096,0.1690826587431744,0.19323732427791357,0.1449279932084352,0.0724639966042176,0.09661866213895678,0.09661866213895678,0.0724639966042176,0.024154665534739196,0.024154665534739196,0.0,0.024154665534739196,0.024154665534739196,0.024154665534739196,0.5,0.05660640347341928
1.05,expected,0.025,False,False,100,100,normal,0.3,1.2,1.2,1.25,0.2,0.2937613882327985,0.29788616046814254,0.30201093270348656,0.3061357049388306,0.31026047717417465,0.3143852494095187,0.3185100216448627,0.3226347938802067,0.32675956611555074,0.33088433835089476,0.33500911058623883,0.33913388282158285,0.3432586550569269,0.3473834272922709,0.3515081995276149,0.35563297176295894,0.35975774399830296,0.36388251623364704,0.36800728846899106,0.3721320607043351,0.3762568329396791,0.3803816051750231,0.3845063774103672,0.3886311496457112,0.39275592188105524,0.39688069411639926,0.4010054663517433,0.4051302385870873,0.4092550108224313,0.41337978305777534,0.4175045552931194,0.42162932752846344,0.42575409976380746,0.4298788719991515,0.43400364423449556,0.4381284164698396,0.4422531887051836,0.4463779609405276,0.45050273317587164,0.45462750541121566,0.4587522776465597,0.4628770498819037,0.4670018221172477,0.47112659435259174,0.4752513665879358,0.47937613882327984,0.48350091105862386,0.48762568329396794,0.49175045552931196,0.495875227764656,0.5,0.504124772235344,0.508249544470688,0.5123743167060321,0.5164990889413761,0.5206238611767201,0.5247486334120641,0.5288734056474083,0.5329981778827522,0.5371229501180963,0.5412477223534403,0.5453724945887843,0.5494972668241284,0.5536220390594724,0.5577468112948164,0.5618715835301604,0.5659963557655044,0.5701211280008485,0.5742459002361926,0.5783706724715365,0.5824954447068806,0.5866202169422245,0.5907449891775687,0.5948697614129126,0.5989945336482567,0.6031193058836007,0.6072440781189448,0.6113688503542888,0.6154936225896328,0.6196183948249768,0.6237431670603208,0.627867939295665,0.6319927115310089,0.636117483766353,0.6402422560016969,0.6443670282370411,0.648491800472385,0.6526165727077291,0.6567413449430731,0.6608661171784171,0.6649908894137612,0.6691156616491052,0.6732404338844492,0.6773652061197932,0.6814899783551374,0.6856147505904813,0.6897395228258254,0.6938642950611693,0.6979890672965134,0.7021138395318574,0.7062386117672015,0.048487525756272284,0.0,0.0,0.024243762878135813,0.024243762878136142,0.048487525756272284,0.024243762878136142,0.14546257726881684,0.1212188143906807,0.09697505151254325,0.1212188143906807,0.09697505151254457,0.2909251545376337,0.2424376287813614,0.3879002060501783,0.3879002060501783,0.3636564431720372,0.5576065461971312,0.5091190204408589,0.43638773180645046,0.7515566492222203,0.8242879378566177,0.9697505151254456,0.9697505151254456,1.357650721175624,1.5031132984444406,1.5758445870788491,2.1092073703978444,1.8425259787383468,2.3031574734229023,2.6910576794731114,2.545595102204295,3.1759329370358342,3.927489586258002,4.339633555186369,4.072952163526871,4.557827421089594,4.485096132455186,4.509339895333322,5.042702678652318,5.551821699093176,5.357871596068087,5.770015564996402,6.327622111193447,6.545815977096757,6.3033783483153965,6.909472420268707,7.273128863440842,6.642791028609303,7.054934997537617,7.054934997537617,6.642791028609303,7.273128863440842,6.909472420268799,6.3033783483153965,6.545815977096757,6.327622111193362,5.770015564996557,5.357871596067943,5.551821699093176,5.042702678652318,4.509339895333322,4.485096132455186,4.557827421089594,4.072952163526871,4.339633555186369,3.9274895862580546,3.175932937035749,2.5455951022043632,2.691057679473039,2.3031574734229956,1.8425259787382968,2.1092073703979013,1.5758445870788067,1.5031132984444406,1.357650721175624,0.9697505151254456,0.9697505151254456,0.8242879378566288,0.7515566492222203,0.43638773180643875,0.5091190204408726,0.5576065461971162,0.36365644317205187,0.3879002060501678,0.38790020605018866,0.24243762878135489,0.2909251545376337,0.09697505151254457,0.1212188143906807,0.09697505151254457,0.1212188143906807,0.14546257726881684,0.024243762878135486,0.04848752575627358,0.024243762878135486,0.02424376287813679,0.0,0.0,0.04848752575627097,0.5,0.05763422077965912
1.05,expected,0.025,False,False,100,100,normal,0.3,1.2,1.2,1.25,0.3,0.26064215592730927,0.2654293128087631,0.2702164696902169,0.2750036265716707,0.2797907834531245,0.28457794033457834,0.28936509721603215,0.29415225409748597,0.2989394109789398,0.3037265678603936,0.3085137247418474,0.3133008816233012,0.31808803850475503,0.32287519538620885,0.32766235226766266,0.3324495091491165,0.3372366660305703,0.3420238229120241,0.3468109797934779,0.3515981366749317,0.35638529355638554,0.36117245043783935,0.36595960731929317,0.370746764200747,0.37553392108220085,0.38032107796365466,0.3851082348451085,0.3898953917265623,0.3946825486080161,0.3994697054894699,0.40425686237092373,0.40904401925237754,0.41383117613383136,0.41861833301528517,0.423405489896739,0.4281926467781928,0.4329798036596466,0.4377669605411004,0.44255411742255424,0.44734127430400805,0.45212843118546187,0.4569155880669157,0.4617027449483695,0.4664899018298233,0.4712770587112771,0.47606421559273093,0.48085137247418475,0.48563852935563856,0.4904256862370924,0.4952128431185462,0.5,0.5047871568814538,0.5095743137629076,0.5143614706443614,0.5191486275258153,0.5239357844072691,0.5287229412887229,0.5335100981701767,0.5382972550516305,0.5430844119330843,0.5478715688145381,0.552658725695992,0.5574458825774458,0.5622330394588996,0.5670201963403534,0.5718073532218072,0.576594510103261,0.5813816669847148,0.5861688238661686,0.5909559807476225,0.5957431376290763,0.6005302945105301,0.6053174513919839,0.6101046082734377,0.6148917651548915,0.6196789220363453,0.6244660789177992,0.629253235799253,0.6340403926807068,0.6388275495621606,0.6436147064436144,0.6484018633250682,0.653189020206522,0.6579761770879758,0.6627633339694297,0.6675504908508835,0.6723376477323373,0.6771248046137911,0.6819119614952449,0.6866991183766987,0.6914862752581525,0.6962734321396064,0.7010605890210602,0.705847745902514,0.7106349027839678,0.7154220596654216,0.7202092165468754,0.7249963734283293,0.729783530309783,0.734570687191237,0.7393578440726907,0.041778451166877555,0.0,0.0,0.020889225583438777,0.0,0.0,0.020889225583438777,0.06266767675031633,0.0,0.020889225583438777,0.041778451166877555,0.020889225583438777,0.08355690233375511,0.08355690233375511,0.020889225583438777,0.12533535350063266,0.2297814814178266,0.20889225583438778,0.2506707070012653,0.35511683491845925,0.29244915816814293,0.41778451166877556,0.4595629628356532,0.7520121210037873,0.8146797977541124,0.7729013465872349,1.1906858582560105,1.232464309422888,1.4413565652572757,1.420467339673837,1.6293595955082247,2.0680333327604394,2.235147137427949,2.6947101002636025,3.216940739849572,3.0916053863489394,3.718282153852103,3.634725251518348,4.386737372522143,4.4911835004393375,5.2431956214431334,5.514755554027837,5.452087877277521,5.911650840113174,6.600995284366654,5.953429291280052,6.935222893701674,6.475659930866021,7.624567337955154,7.185893600702939,7.185893600702939,7.624567337955154,6.475659930866021,6.935222893701674,5.953429291280052,6.600995284366654,5.911650840113174,5.452087877277521,5.514755554027837,5.2431956214431334,4.4911835004393375,4.386737372522143,3.634725251518348,3.718282153852103,3.0916053863489394,3.216940739849572,2.6947101002636025,2.235147137427949,2.0680333327604394,1.6293595955082247,1.420467339673837,1.4413565652572757,1.232464309422888,1.1906858582560105,0.7729013465872349,0.8146797977541124,0.752012121003796,0.4595629628356532,0.41778451166877556,0.29244915816814293,0.35511683491845925,0.2506707070012653,0.20889225583438778,0.2297814814178266,0.12533535350063266,0.020889225583438777,0.08355690233375511,0.08355690233375511,0.020889225583438777,0.041778451166877555,0.020889225583438777,0.0,0.06266767675031633,0.020889225583438777,0.0,0.0,0.020889225583438295,0.0,0.0,0.041778451166878526,0.5,0.057885873737670956
1.05,expected,0.025,False,False,100,100,normal,0.3,1.2,1.2,1.25,0.4,0.25451659135651417,0.25942625952938386,0.2643359277022536,0.2692455958751233,0.27415526404799306,0.27906493222086276,0.28397460039373246,0.2888842685666022,0.2937939367394719,0.2987036049123416,0.30361327308521135,0.30852294125808105,0.31343260943095075,0.3183422776038205,0.3232519457766902,0.3281616139495599,0.33307128212242965,0.3379809502952994,0.3428906184681691,0.3478002866410388,0.35270995481390854,0.35761962298677824,0.36252929115964794,0.3674389593325177,0.3723486275053874,0.3772582956782571,0.38216796385112684,0.38707763202399653,0.39198730019686623,0.396896968369736,0.4018066365426057,0.4067163047154754,0.4116259728883451,0.4165356410612149,0.4214453092340846,0.42635497740695427,0.431264645579824,0.4361743137526937,0.4410839819255634,0.44599365009843317,0.45090331827130287,0.45581298644417256,0.4607226546170423,0.465632322789912,0.4705419909627817,0.47545165913565146,0.48036132730852116,0.48527099548139085,0.4901806636542606,0.49509033182713036,0.5,0.5049096681728698,0.5098193363457395,0.5147290045186093,0.5196386726914789,0.5245483408643487,0.5294580090372183,0.534367677210088,0.5392773453829578,0.5441870135558275,0.5490966817286972,0.5540063499015669,0.5589160180744366,0.5638256862473063,0.5687353544201761,0.5736450225930458,0.5785546907659156,0.5834643589387852,0.588374027111655,0.5932836952845246,0.5981933634573944,0.6031030316302641,0.6080126998031339,0.6129223679760035,0.6178320361488733,0.6227417043217429,0.6276513724946127,0.6325610406674824,0.6374707088403522,0.6423803770132219,0.6472900451860916,0.6521997133589612,0.657109381531831,0.6620190497047007,0.6669287178775705,0.6718383860504402,0.6767480542233099,0.6816577223961796,0.6865673905690493,0.691477058741919,0.6963867269147888,0.7012963950876585,0.7062060632605281,0.7111157314333979,0.7160253996062675,0.7209350677791373,0.725844735952007,0.7307544041248768,0.7356640722977466,0.7405737404706162,0.745483408643486,0.020367975284478358,0.0,0.020367975284478358,0.0,0.0,0.0,0.020367975284478125,0.040735950568956715,0.020367975284478358,0.0,0.061103925853435076,0.020367975284478358,0.14257582699134688,0.08147190113791343,0.020367975284478358,0.12220785170686876,0.162943802275825,0.22404772812926194,0.20367975284478357,0.22404772812925938,0.3869915304050888,0.40735950568956714,0.28515165398269376,0.4888314068274806,0.6517752091033074,0.8350869866636033,0.8554549619480911,1.201710541784223,1.120238640646297,1.5072301710513984,1.6294380227582685,2.0164295531633347,2.4645250094218536,2.6071008364132298,2.8515165398269704,3.4421878230768037,3.7273394770595396,4.21617088388702,4.23653885917145,4.175434933318063,5.519721302093635,5.54008927737805,5.091993821119589,5.560457252662592,6.069656634774482,6.619591967455467,6.599223992170988,6.782535769731217,6.762167794446738,6.802903745015849,6.802903745015694,6.762167794446738,6.782535769731217,6.599223992171063,6.619591967455391,6.06965663477462,5.560457252662529,5.091993821119532,5.54008927737805,5.519721302093697,4.175434933318016,4.236538859171546,4.2161708838869725,3.7273394770594974,3.4421878230768037,2.851516539826938,2.6071008364132595,2.4645250094218536,2.01642955316338,1.6294380227582501,1.5072301710513816,1.120238640646297,1.2017105417842366,0.8554549619480812,0.8350869866636221,0.6517752091033,0.48883140682747506,0.28515165398269376,0.40735950568956253,0.38699153040509315,0.2240477281292645,0.20367975284478126,0.22404772812925938,0.162943802275825,0.12220785170686876,0.02036797528447859,0.0814719011379125,0.14257582699135013,0.020367975284478125,0.06110392585343438,0.0,0.02036797528447859,0.04073595056895625,0.02036797528447859,0.0,0.0,0.0,0.020367975284478125,0.0,0.020367975284478125,0.5,0.058508343811589106
1.05,expected,0.025,False,False,100,100,normal,0.3,1.2,1.2,1.5,0.1,0.3128813726043416,0.3166237451522548,0.320366117700168,0.32410849024808114,0.3278508627959943,0.33159323534390744,0.33533560789182065,0.3390779804397338,0.34282035298764696,0.3465627255355601,0.3503050980834733,0.3540474706313865,0.3577898431792996,0.36153221572721284,0.365274588275126,0.36901696082303914,0.3727593333709523,0.3765017059188655,0.38024407846677866,0.3839864510146918,0.38772882356260496,0.39147119611051817,0.3952135686584313,0.3989559412063445,0.4026983137542577,0.40644068630217084,0.410183058850084,0.4139254313979972,0.41766780394591035,0.4214101764938235,0.42515254904173666,0.4288949215896498,0.432637294137563,0.4363796666854762,0.44012203923338933,0.44386441178130254,0.4476067843292157,0.45134915687712884,0.45509152942504205,0.45883390197295515,0.46257627452086836,0.4663186470687815,0.47006101961669466,0.4738033921646079,0.477545764712521,0.4812881372604342,0.4850305098083474,0.48877288235626054,0.4925152549041737,0.4962576274520869,0.5,0.5037423725479132,0.5074847450958264,0.5112271176437395,0.5149694901916527,0.5187118627395659,0.522454235287479,0.5261966078353922,0.5299389803833054,0.5336813529312185,0.5374237254791318,0.5411660980270449,0.5449084705749581,0.5486508431228712,0.5523932156707844,0.5561355882186976,0.5598779607666107,0.5636203333145239,0.5673627058624371,0.5711050784103502,0.5748474509582634,0.5785898235061766,0.5823321960540897,0.5860745686020029,0.5898169411499161,0.5935593136978292,0.5973016862457424,0.6010440587936556,0.6047864313415687,0.6085288038894819,0.6122711764373951,0.6160135489853082,0.6197559215332213,0.6234982940811347,0.6272406666290478,0.6309830391769609,0.6347254117248742,0.6384677842727873,0.6422101568207004,0.6459525293686136,0.6496949019165268,0.6534372744644399,0.6571796470123531,0.6609220195602663,0.6646643921081794,0.6684067646560926,0.6721491372040058,0.6758915097519189,0.6796338822998321,0.6833762548477453,0.6871186273956584,0.026721016873577343,0.0,0.026721016873577343,0.053442033747154685,0.0,0.026721016873576947,0.10688406749430937,0.053442033747154685,0.16032610124146407,0.21376813498861558,0.13360508436788673,0.32065220248292814,0.026721016873576947,0.053442033747154685,0.2404891518621961,0.3473732193565055,0.2939311856093464,0.3473732193565055,0.5344203374715469,0.6413044049658563,0.6947464387130006,0.8283515230808977,1.2291667761845577,1.3093298268052704,1.469655928046754,1.3093298268052898,1.6567030461617709,1.7635871136561048,2.4850545692426933,2.4850545692426933,2.5384966029898477,3.019474906714195,2.8858698223463533,3.8211054129215607,4.382246767266619,3.8745474466687146,5.0235511722325406,5.638134560324736,5.477808459083437,4.783062020370274,6.119112864049212,7.321558623360192,6.519928117152775,7.2681165896130375,7.161232522118728,7.1879535389922,7.695652859590275,8.310236247682553,7.241395572739352,8.497283365797722,8.49728336579747,7.241395572739352,8.310236247682678,7.695652859590161,7.1879535389922,7.1612325221188335,7.26811658961293,6.519928117152775,7.321558623360301,6.119112864049121,4.783062020370415,5.477808459083274,5.638134560324903,5.023551172232466,3.8745474466686574,4.382246767266749,3.821105412921504,2.88586982234631,3.0194749067142848,2.53849660298981,2.485054569242656,2.4850545692427297,1.7635871136560786,1.6567030461617709,1.3093298268053093,1.469655928046732,1.3093298268052704,1.229166776184576,0.8283515230808854,0.6947464387130006,0.6413044049658658,0.5344203374715548,0.34737321935649,0.29393118560935516,0.3473732193565106,0.24048915186218536,0.05344203374715548,0.02672101687357774,0.32065220248292337,0.13360508436788474,0.21376813498862193,0.16032610124146168,0.053442033747153894,0.10688406749431097,0.026721016873576947,0.0,0.05344203374715548,0.026721016873576947,0.0,0.02672101687357774,0.5,0.050747098707531746
1.05,expected,0.025,False,False,100,100,normal,0.3,1.2,1.2,1.5,0.2,0.28208113037921956,0.2864395077716352,0.29079788516405075,0.2951562625564664,0.299514639948882,0.3038730173412976,0.3082313947337132,0.3125897721261288,0.31694814951854444,0.32130652691096007,0.32566490430337564,0.33002328169579126,0.3343816590882069,0.33874003648062245,0.3430984138730381,0.3474567912654537,0.3518151686578693,0.35617354605028495,0.3605319234427005,0.36489030083511614,0.36924867822753177,0.37360705561994734,0.37796543301236296,0.3823238104047786,0.3866821877971942,0.3910405651896098,0.3953989425820254,0.399757319974441,0.4041156973668566,0.4084740747592722,0.41283245215168785,0.41719082954410347,0.4215492069365191,0.42590758432893466,0.4302659617213503,0.43462433911376586,0.4389827165061815,0.4433410938985971,0.44769947129101273,0.45205784868342835,0.456416226075844,0.46077460346825955,0.46513298086067517,0.46949135825309074,0.47384973564550636,0.478208113037922,0.4825664904303376,0.48692486782275324,0.4912832452151688,0.49564162260758443,0.5,0.5043583773924156,0.5087167547848312,0.5130751321772469,0.5174335095696625,0.5217918869620781,0.5261502643544937,0.5305086417469094,0.534867019139325,0.5392253965317405,0.5435837739241561,0.5479421513165718,0.5523005287089874,0.5566589061014029,0.5610172834938185,0.5653756608862341,0.5697340382786498,0.5740924156710654,0.578450793063481,0.5828091704558966,0.5871675478483123,0.5915259252407279,0.5958843026331435,0.6002426800255591,0.6046010574179747,0.6089594348103903,0.6133178122028059,0.6176761895952215,0.622034566987637,0.6263929443800527,0.6307513217724683,0.6351096991648839,0.6394680765572995,0.6438264539497152,0.6481848313421308,0.6525432087345464,0.656901586126962,0.6612599635193777,0.6656183409117933,0.6699767183042088,0.6743350956966244,0.67869347308904,0.6830518504814557,0.6874102278738712,0.6917686052662868,0.6961269826587024,0.7004853600511181,0.7048437374435337,0.7092021148359493,0.7135604922283649,0.7179188696207806,0.022944318721462336,0.0,0.0,0.0,0.0,0.022944318721462624,0.0,0.06883295616438699,0.0,0.0,0.0,0.06883295616438699,0.04588863744292525,0.022944318721462336,0.06883295616438699,0.06883295616438699,0.11472159360731166,0.2523875059360889,0.25238750593608567,0.206498868493161,0.2523875059360889,0.412997736986322,0.481830693150709,0.5965522867580207,0.6194966054794909,0.6424409242009453,0.9177727488584932,1.3307704858448324,1.37665912328774,1.4225477607306647,1.8355454977169865,2.133821641095997,2.4091534657535756,2.8221512027398674,3.1433716648403798,3.7628682703198226,3.9005341826485966,4.313531919634919,4.955972843835864,4.887139887671477,5.781968317808582,6.240854692237755,6.4014649232880725,6.975072891324549,6.585019473059689,7.296293353425022,8.259954739726439,7.984622915068994,8.076400189954741,7.68634677168998,7.686346771689881,8.076400189954741,7.984622915068892,8.259954739726439,7.296293353425022,6.585019473059689,6.975072891324549,6.401464923287992,6.240854692237914,5.781968317808508,4.887139887671477,4.955972843835864,4.313531919635028,3.9005341826485966,3.7628682703198226,3.14337166484034,2.8221512027398674,2.4091534657535454,2.133821641095997,1.8355454977169865,1.4225477607306647,1.37665912328774,1.3307704858448155,0.9177727488585168,0.6424409242009453,0.619496605479483,0.5965522867580207,0.48183069315072125,0.412997736986322,0.25238750593608567,0.206498868493161,0.25238750593608567,0.25238750593608567,0.11472159360731166,0.06883295616438699,0.06883295616438699,0.022944318721462336,0.04588863744292467,0.06883295616438875,0.0,0.0,0.0,0.06883295616438875,0.0,0.022944318721462336,0.0,0.0,0.0,0.0,0.022944318721462336,0.5,0.05013103416086179
1.05,expected,0.025,False,False,100,100,normal,0.3,1.2,1.2,1.5,0.3,0.25289222215413626,0.25783437771105355,0.2627765332679708,0.2677186888248881,0.2726608443818054,0.2776029999387226,0.2825451554956399,0.2874873110525572,0.29242946660947444,0.29737162216639174,0.30231377772330903,0.30725593328022627,0.31219808883714356,0.31714024439406086,0.3220823999509781,0.3270245555078954,0.3319667110648127,0.3369088666217299,0.3418510221786472,0.3467931777355645,0.35173533329248174,0.35667748884939904,0.36161964440631633,0.36656179996323357,0.37150395552015086,0.37644611107706816,0.3813882666339854,0.38633042219090263,0.39127257774782,0.3962147333047372,0.40115688886165446,0.4060990444185718,0.41104119997548905,0.4159833555324063,0.42092551108932363,0.42586766664624087,0.4308098222031581,0.43575197776007546,0.4406941333169927,0.44563628887390994,0.45057844443082723,0.4555205999877445,0.46046275554466176,0.46540491110157906,0.47034706665849635,0.4752892222154136,0.4802313777723309,0.4851735333292482,0.4901156888861654,0.4950578444430827,0.5,0.5049421555569172,0.5098843111138345,0.5148264666707518,0.5197686222276691,0.5247107777845863,0.5296529333415037,0.5345950888984209,0.5395372444553381,0.5444794000122555,0.5494215555691727,0.55436371112609,0.5593058666830073,0.5642480222399245,0.5691901777968418,0.5741323333537591,0.5790744889106764,0.5840166444675936,0.588958800024511,0.5939009555814282,0.5988431111383454,0.6037852666952628,0.60872742225218,0.6136695778090973,0.6186117333660146,0.6235538889229318,0.6284960444798491,0.6334382000367664,0.6383803555936837,0.6433225111506009,0.6482646667075183,0.6532068222644355,0.6581489778213527,0.6630911333782701,0.6680332889351873,0.6729754444921046,0.6779176000490219,0.6828597556059391,0.6878019111628564,0.6927440667197737,0.697686222276691,0.7026283778336082,0.7075705333905256,0.7125126889474428,0.71745484450436,0.7223970000612774,0.7273391556181946,0.7322813111751119,0.7372234667320292,0.7421656222889464,0.7471077778458637,0.020234085885871174,0.0,0.0,0.0,0.0,0.0,0.0,0.0,0.0,0.0,0.0404681717717428,0.0,0.0,0.0404681717717428,0.020234085885871174,0.020234085885871174,0.0607022576576142,0.0809363435434847,0.12140451531522703,0.101170429429357,0.12140451531522703,0.24280903063045406,0.3439794600598138,0.3642135459456811,0.40468171771742345,0.6272566624620134,0.7891293495489846,0.5867884906902575,0.7486611777772418,0.9307679507500844,1.1938110672663858,1.5984927849838406,1.9424722450436545,2.185281275674062,2.8327720240219962,2.7518356804785102,3.2172196558534805,3.2779219135111672,4.026583091288408,5.3013305020982475,4.99781921381018,5.0787555573537215,6.313034796391806,6.191630281076579,6.576077912908205,7.223568661256009,7.06169597416904,7.79012306606049,7.871059409603887,8.0734002684626,8.073400268462688,7.8710594096039745,7.790123066060315,7.061695974169119,7.223568661256089,6.576077912908057,6.191630281076649,6.313034796391877,5.078755557353608,4.997819213810236,5.301330502098307,4.026583091288318,3.2779219135111672,3.217219655853553,2.7518356804784485,2.8327720240219962,2.1852812756741113,1.9424722450436107,1.5984927849838406,1.1938110672664126,0.9307679507500636,0.7486611777772418,0.5867884906902706,0.789129349548967,0.6272566624620134,0.404681717717428,0.364213545945677,0.3439794600598138,0.2428090306304568,0.12140451531522567,0.101170429429357,0.1214045153152284,0.08093634354348378,0.0607022576576142,0.0202340858858714,0.020234085885870945,0.0404681717717428,0.0,0.0,0.0404681717717428,0.0,0.0,0.0,0.0,0.0,0.0,0.0,0.0,0.0,0.0202340858858714,0.5,0.05174904286652785
1.05,expected,0.025,False,False,100,100,normal,0.3,1.2,1.2,1.5,0.4,0.2565195887488175,0.2613891969738411,0.2662588051988648,0.27112841342388844,0.2759980216489121,0.2808676298739357,0.2857372380989594,0.29060684632398304,0.2954764545490067,0.3003460627740303,0.305215670999054,0.31008527922407764,0.3149548874491013,0.31982449567412496,0.3246941038991486,0.32956371212417224,0.3344333203491959,0.3393029285742195,0.3441725367992432,0.34904214502426684,0.3539117532492905,0.35878136147431416,0.3636509696993378,0.36852057792436144,0.37339018614938513,0.37825979437440876,0.3831294025994324,0.38799901082445604,0.3928686190494797,0.39773822727450336,0.402607835499527,0.40747744372455064,0.41234705194957433,0.41721666017459796,0.4220862683996216,0.4269558766246453,0.4318254848496689,0.43669509307469256,0.4415647012997162,0.44643430952473984,0.45130391774976353,0.45617352597478716,0.4610431341998108,0.4659127424248345,0.4707823506498581,0.47565195887488176,0.4805215670999054,0.48539117532492904,0.49026078354995273,0.49513039177497636,0.5,0.5048696082250237,0.5097392164500474,0.514608824675071,0.5194784329000945,0.5243480411251182,0.5292176493501419,0.5340872575751656,0.5389568658001892,0.5438264740252129,0.5486960822502365,0.5535656904752602,0.5584352987002839,0.5633049069253075,0.5681745151503311,0.5730441233753547,0.5779137316003784,0.5827833398254021,0.5876529480504258,0.5925225562754494,0.597392164500473,0.6022617727254966,0.6071313809505203,0.612000989175544,0.6168705974005677,0.6217402056255913,0.6266098138506149,0.6314794220756386,0.6363490303006623,0.641218638525686,0.6460882467507095,0.6509578549757332,0.6558274632007568,0.6606970714257805,0.6655666796508042,0.6704362878758279,0.6753058961008515,0.680175504325875,0.6850451125508987,0.6899147207759224,0.6947843290009461,0.6996539372259697,0.7045235454509933,0.709393153676017,0.7142627619010407,0.7191323701260643,0.724001978351088,0.7288715865761116,0.7337411948011352,0.7386108030261589,0.7434804112511826,0.020535532917438058,0.0,0.020535532917438058,0.0,0.0,0.020535532917437826,0.020535532917438058,0.0,0.020535532917438058,0.020535532917437826,0.0,0.0,0.061606598752313474,0.020535532917438058,0.041071065834876117,0.061606598752314175,0.020535532917438058,0.18481979625694042,0.08214213166975223,0.22589086209181863,0.14374873042206476,0.3901751254313231,0.26696192792669476,0.2874974608441295,0.6366015204405798,0.677672586275456,0.8830279154498365,0.9651700471195888,1.0678477117067668,1.1705253762939694,1.6223071004776068,1.7249847650647774,1.8687334954868635,2.5258705488448814,2.258908620918161,2.792832476771608,3.6142537934690577,4.148177649322489,4.538352774753811,4.25085531390963,4.990134498937448,5.482987288955962,5.503522821873337,6.366015204405871,6.489228401910353,7.084758856516131,7.290114185690512,7.5981471794519955,7.536540580699768,7.680289311121835,7.680289311121746,7.536540580699682,7.598147179452169,7.290114185690594,7.084758856516049,6.489228401910353,6.366015204405726,5.503522821873463,5.4829872889559,4.990134498937505,4.25085531390963,4.5383527747537595,4.148177649322441,3.61425379346914,2.792832476771608,2.258908620918161,2.5258705488448525,1.868733495486842,1.7249847650648167,1.6223071004775882,1.1705253762939827,1.0678477117067668,0.9651700471195778,0.8830279154498265,0.6776725862754637,0.6366015204405872,0.2874974608441295,0.2669619279266917,0.3901751254313187,0.14374873042206804,0.2258908620918161,0.08214213166975318,0.18481979625694042,0.020535532917437826,0.061606598752313474,0.04107106583487659,0.020535532917438294,0.061606598752313474,0.0,0.0,0.020535532917438294,0.020535532917438294,0.0,0.020535532917437826,0.020535532917437826,0.0,0.0,0.020535532917438294,0.0,0.020535532917437826,0.5,0.05378957219657331
1.05,expected,0.025,False,False,100,100,normal,0.3,1.2,1.6,0.5,0.1,0.1363343698370514,0.14360768244031039,0.15088099504356936,0.15815430764682833,0.1654276202500873,0.17270093285334626,0.17997424545660523,0.1872475580598642,0.19452087066312318,0.20179418326638215,0.20906749586964113,0.2163408084729001,0.22361412107615908,0.23088743367941805,0.23816074628267703,0.245434058885936,0.252707371489195,0.25998068409245395,0.2672539966957129,0.27452730929897184,0.2818006219022309,0.2890739345054898,0.2963472471087488,0.30362055971200774,0.3108938723152668,0.3181671849185257,0.3254404975217847,0.33271381012504364,0.3399871227283026,0.3472604353315616,0.35453374793482056,0.36180706053807954,0.3690803731413385,0.3763536857445975,0.38362699834785646,0.39090031095111544,0.39817362355437436,0.4054469361576334,0.4127202487608923,0.41999356136415134,0.42726687396741025,0.4345401865706693,0.4418134991739282,0.44908681177718723,0.45636012438044615,0.4636334369837052,0.4709067495869641,0.47818006219022313,0.48545337479348205,0.4927266873967411,0.5,0.507273312603259,0.514546625206518,0.521819937809777,0.5290932504130359,0.5363665630162948,0.5436398756195538,0.5509131882228128,0.5581865008260718,0.5654598134293307,0.5727331260325897,0.5800064386358487,0.5872797512391077,0.5945530638423666,0.6018263764456256,0.6090996890488846,0.6163730016521436,0.6236463142554025,0.6309196268586615,0.6381929394619205,0.6454662520651794,0.6527395646684384,0.6600128772716973,0.6672861898749564,0.6745595024782153,0.6818328150814743,0.6891061276847332,0.6963794402879923,0.7036527528912512,0.7109260654945102,0.7181993780977691,0.7254726907010282,0.7327460033042871,0.7400193159075461,0.747292628510805,0.754565941114064,0.761839253717323,0.7691125663205819,0.7763858789238409,0.7836591915270998,0.7909325041303589,0.7982058167336178,0.8054791293368768,0.8127524419401357,0.8200257545433948,0.8272990671466537,0.8345723797499127,0.8418456923531716,0.8491190049564307,0.8563923175596896,0.8636656301629486,0.013748893448522025,0.0,0.013748893448522025,0.013748893448522025,0.013748893448522079,0.0,0.0,0.02749778689704405,0.04124668034556608,0.013748893448522025,0.02749778689704405,0.013748893448522025,0.06874446724261013,0.06874446724261013,0.0,0.13748893448522026,0.1099911475881762,0.20623340172783042,0.12374004103669918,0.1374889344852192,0.316224549316009,0.30247565586748226,0.30247565586748687,0.4674623772497454,0.5499557379408853,0.5224579510438331,0.7699380331172393,0.9074269676024538,0.9349247544994977,1.044915902087674,1.2923959841610706,1.4986293858889008,1.5123782793374227,1.8698495089989955,1.9385939762416056,2.199822951763541,2.254818525557595,2.8047742634985147,2.777276476601428,2.942263197983736,2.8735187307410817,3.890936845931763,3.50596782937309,3.6297078704098427,4.124668034556576,3.9046857393802856,4.647125985600409,4.674623772497525,4.6058793052548435,4.64712598560048,4.647125985600409,4.605879305254914,4.674623772497453,4.64712598560048,3.9046857393802856,4.124668034556576,3.6297078704098427,3.50596782937309,3.890936845931763,2.8735187307410817,2.942263197983736,2.777276476601428,2.8047742634985147,2.254818525557595,2.199822951763541,1.938593976241591,1.8698495089990097,1.5123782793374114,1.4986293858889124,1.2923959841610804,1.0449159020876662,0.9349247544995049,0.9074269676024469,0.7699380331172393,0.5224579510438331,0.5499557379408853,0.4674623772497454,0.30247565586748687,0.30247565586748226,0.316224549316009,0.1374889344852192,0.12374004103669918,0.20623340172782884,0.10999114758817705,0.1374889344852192,0.0,0.06874446724261066,0.0687444672426096,0.01374889344852213,0.027497786897043842,0.01374889344852213,0.041246680345565764,0.02749778689704426,0.0,0.0,0.013748893448521921,0.01374889344852213,0.013748893448521921,0.0,0.013748893448521921,0.5,0.08949290056918897
1.05,expected,0.025,False,False,100,100,normal,0.3,1.2,1.6,0.5,0.2,0.1434712235397853,0.1506017990689896,0.1577323745981939,0.16486295012739818,0.17199352565660248,0.17912410118580677,0.18625467671501106,0.19338525224421535,0.20051582777341964,0.20764640330262396,0.21477697883182822,0.22190755436103254,0.2290381298902368,0.23616870541944113,0.2432992809486454,0.2504298564778497,0.257560432007054,0.2646910075362583,0.27182158306546256,0.2789521585946669,0.2860827341238712,0.29321330965307546,0.3003438851822797,0.30747446071148404,0.31460503624068836,0.3217356117698926,0.3288661872990969,0.3359967628283012,0.34312733835750553,0.3502579138867098,0.35738848941591406,0.3645190649451184,0.3716496404743227,0.37878021600352696,0.3859107915327312,0.39304136706193554,0.40017194259113986,0.4073025181203441,0.41443309364954845,0.4215636691787527,0.42869424470795703,0.4358248202371613,0.4429553957663656,0.4500859712955699,0.4572165468247742,0.46434712235397846,0.4714776978831828,0.47860827341238704,0.48573884894159136,0.4928694244707956,0.49999999999999994,0.5071305755292042,0.5142611510584085,0.5213917265876128,0.528522302116817,0.5356528776460214,0.5427834531752257,0.54991402870443,0.5570446042336343,0.5641751797628385,0.5713057552920429,0.5784363308212471,0.5855669063504514,0.5926974818796558,0.59982805740886,0.6069586329380643,0.6140892084672687,0.6212197839964729,0.6283503595256772,0.6354809350548816,0.6426115105840857,0.6497420861132901,0.6568726616424945,0.6640032371716986,0.671133812700903,0.6782643882301072,0.6853949637593115,0.6925255392885159,0.69965611481772,0.7067866903469244,0.7139172658761288,0.721047841405333,0.7281784169345373,0.7353089924637415,0.7424395679929459,0.7495701435221502,0.7567007190513544,0.7638312945805588,0.7709618701097631,0.7780924456389673,0.7852230211681717,0.7923535966973758,0.7994841722265802,0.8066147477557846,0.8137453232849887,0.8208758988141931,0.8280064743433975,0.8351370498726016,0.842267625401806,0.8493982009310104,0.8565287764602146,0.014024113424005637,0.0,0.014024113424005637,0.0,0.014024113424005637,0.028048226848011275,0.0,0.05609645369602255,0.014024113424005584,0.014024113424005691,0.056096453696022335,0.042072340272017075,0.04207234027201674,0.08414468054403415,0.14024113424005583,0.18231347451207397,0.15426524766406138,0.1682893610880683,0.2945063819041172,0.30853049532812277,0.22438581478409106,0.37865106244815366,0.3926751758721563,0.6451092175042568,0.6591333309282675,0.6591333309282675,1.009736166528402,1.107904960496441,1.178025527616478,1.135953187344461,1.4585077960965807,1.8792311988167478,1.6548453840326713,1.7389900645767058,2.103617013600837,2.075568786752826,2.215809920992899,2.510316302896999,3.35176310833736,3.2676184277933005,3.267618427793326,3.2535943143692947,3.6743177170894907,4.066992892961618,4.235282254049719,3.9828482124175855,3.828582964753554,4.151137573505652,4.0249205526896334,4.361499274865736,4.361499274865804,4.02492055268957,4.151137573505685,3.828582964753554,3.9828482124175544,4.235282254049719,4.06699289296165,3.6743177170894343,3.2535943143693706,3.267618427793275,3.267618427793326,3.35176310833736,2.5103163028969795,2.215809920992899,2.0755687867528425,2.1036170136008208,1.7389900645767058,1.6548453840326713,1.8792311988167334,1.4585077960966146,1.1359531873444433,1.1780255276164597,1.1079049604964668,1.0097361665283942,0.6591333309282777,0.6591333309282572,0.6451092175042518,0.39267517587216544,0.3786510624481477,0.22438581478408756,0.30853049532813004,0.29450638190411493,0.1682893610880709,0.1542652476640602,0.18231347451207114,0.1402411342400591,0.08414468054403283,0.042072340272016416,0.04207234027201773,0.05609645369602189,0.01402411342400591,0.014024113424005473,0.05609645369602189,0.0,0.028048226848010945,0.014024113424005473,0.0,0.014024113424005473,0.0,0.014024113424005691,0.5,0.09359992632141666
1.05,expected,0.025,False,False,100,100,normal,0.3,1.2,1.6,0.5,0.3,0.1572661311083722,0.16412080848620475,0.17097548586403732,0.17783016324186987,0.18468484061970242,0.191539517997535,0.19839419537536754,0.20524887275320008,0.21210355013103266,0.21895822750886523,0.22581290488669778,0.23266758226453033,0.2395222596423629,0.24637693702019545,0.253231614398028,0.26008629177586057,0.26694096915369314,0.27379564653152566,0.28065032390935823,0.2875050012871908,0.2943596786650233,0.3012143560428559,0.3080690334206885,0.314923710798521,0.32177838817635357,0.32863306555418614,0.33548774293201866,0.34234242030985124,0.3491970976876838,0.35605177506551633,0.3629064524433489,0.3697611298211815,0.376615807199014,0.38347048457684657,0.39032516195467915,0.39717983933251166,0.4040345167103443,0.4108891940881768,0.41774387146600933,0.42459854884384196,0.4314532262216745,0.438307903599507,0.44516258097733963,0.45201725835517215,0.45887193573300467,0.4657266131108373,0.4725812904886698,0.47943596786650233,0.48629064524433496,0.4931453226221675,0.5,0.5068546773778326,0.5137093547556651,0.5205640321334977,0.5274187095113303,0.5342733868891628,0.5411280642669953,0.547982741644828,0.5548374190226605,0.5616920964004931,0.5685467737783256,0.5754014511561582,0.5822561285339908,0.5891108059118233,0.5959654832896558,0.6028201606674884,0.609674838045321,0.6165295154231535,0.6233841928009861,0.6302388701788186,0.6370935475566512,0.6439482249344838,0.6508029023123163,0.6576575796901488,0.6645122570679813,0.671366934445814,0.6782216118236465,0.685076289201479,0.6919309665793116,0.6987856439571442,0.7056403213349768,0.7124949987128093,0.7193496760906418,0.7262043534684745,0.733059030846307,0.7399137082241395,0.7467683856019721,0.7536230629798046,0.7604777403576372,0.7673324177354698,0.7741870951133023,0.7810417724911348,0.7878964498689675,0.7947511272468,0.8016058046246325,0.8084604820024651,0.8153151593802976,0.8221698367581302,0.8290245141359628,0.8358791915137953,0.8427338688916278,0.029177157286320032,0.02917715728631992,0.014588578643160016,0.0,0.02917715728631992,0.014588578643160016,0.029177157286320032,0.05835431457263984,0.02917715728631992,0.058354314572640065,0.058354314572640065,0.05835431457263984,0.13129720778844017,0.18965152236108024,0.14588578643159958,0.14588578643159958,0.1312972077884407,0.364714466078999,0.21882867964739938,0.4814230952242825,0.3938916233653189,0.6273088816558782,0.6856631962285236,0.5835431457263983,0.7586060894443178,0.9044918758759248,0.9044918758759175,1.1379091341664767,1.356737813813887,1.2983834992412364,1.5609779148181155,1.663097965320249,1.9986352741129143,1.9840466954697547,2.2612296896898116,2.348761161548734,2.669709891698294,2.844772835416215,3.019835779134087,2.9614814645614955,3.4866702957152587,3.5158474530015216,3.4574931384289385,3.6471446607900195,4.084802020084755,3.8076190258647804,3.953504812296381,4.464105064806911,4.347396435661703,3.9972705482258615,3.9972705482257966,4.347396435661703,4.464105064806984,3.953504812296317,3.8076190258647804,4.084802020084822,3.6471446607899605,3.4574931384289385,3.5158474530015216,3.4866702957152587,2.9614814645614955,3.019835779134087,2.844772835416215,2.669709891698294,2.348761161548734,2.2612296896898116,1.9840466954697706,1.9986352741128983,1.663097965320249,1.5609779148181282,1.2983834992412258,1.356737813813887,1.137909134166486,0.9044918758759248,0.9044918758759101,0.758606089444324,0.5835431457264031,0.6856631962285125,0.6273088816558833,0.3938916233653157,0.4814230952242825,0.21882867964740116,0.36471446607899605,0.1312972077884407,0.14588578643160077,0.14588578643159839,0.189651522361081,0.1312972077884407,0.058354314572639364,0.05835431457264031,0.05835431457264031,0.029177157286319682,0.05835431457264031,0.029177157286320154,0.014588578643159841,0.029177157286320154,0.0,0.014588578643159841,0.029177157286320154,0.029177157286320154,0.5,0.09500386878510689
1.05,expected,0.025,False,False,100,100,normal,0.3,1.2,1.6,0.5,0.4,0.15530022766545099,0.16219422311214196,0.16908821855883294,0.17598221400552394,0.18287620945221492,0.1897702048989059,0.19666420034559687,0.20355819579228784,0.21045219123897885,0.21734618668566982,0.2242401821323608,0.23113417757905177,0.23802817302574275,0.24492216847243375,0.2518161639191247,0.2587101593658157,0.26560415481250665,0.27249815025919766,0.27939214570588866,0.28628614115257967,0.2931801365992706,0.30007413204596156,0.30696812749265256,0.31386212293934357,0.3207561183860345,0.3276501138327255,0.33454410927941647,0.34143810472610747,0.3483321001727985,0.3552260956194894,0.3621200910661804,0.3690140865128714,0.3759080819595624,0.3828020774062534,0.38969607285294433,0.39659006829963533,0.4034840637463263,0.4103780591930173,0.4172720546397083,0.42416605008639924,0.43106004553309024,0.4379540409797812,0.4448480364264722,0.4517420318731632,0.45863602731985414,0.46553002276654515,0.4724240182132361,0.4793180136599271,0.48621200910661805,0.49310600455330905,0.5,0.506893995446691,0.513787990893382,0.5206819863400729,0.527575981786764,0.5344699772334549,0.5413639726801459,0.5482579681268369,0.5551519635735278,0.5620459590202189,0.5689399544669098,0.5758339499136008,0.5827279453602918,0.5896219408069827,0.5965159362536738,0.6034099317003647,0.6103039271470557,0.6171979225937467,0.6240919180404376,0.6309859134871287,0.6378799089338196,0.6447739043805106,0.6516678998272016,0.6585618952738925,0.6654558907205836,0.6723498861672745,0.6792438816139656,0.6861378770606565,0.6930318725073474,0.6999258679540385,0.7068198634007294,0.7137138588474206,0.7206078542941114,0.7275018497408023,0.7343958451874935,0.7412898406341843,0.7481838360808755,0.7550778315275664,0.7619718269742572,0.7688658224209484,0.7757598178676393,0.7826538133143304,0.7895478087610213,0.7964418042077122,0.8033357996544033,0.8102297951010942,0.8171237905477851,0.8240177859944762,0.8309117814411671,0.8378057768878582,0.8446997723345491,0.01450537656621149,0.01450537656621149,0.0,0.02901075313242298,0.0,0.02901075313242298,0.04351612969863447,0.014505376566211432,0.08703225939726894,0.01450537656621149,0.11604301252969192,0.05802150626484596,0.0870322593972686,0.15955914222832704,0.14505376566211434,0.13054838909590394,0.20307527192696004,0.3046129078904401,0.33362366102286295,0.3191182844566541,0.449666673552558,0.5802150626484573,0.638236568913303,0.6382365689133082,0.8993333471051088,0.8123010877078467,0.9283441002375317,1.247462384694183,1.2039462549955586,1.7406451879453717,1.8421828239088667,1.6246021754156803,2.2048172380641375,1.87119357704129,2.2628387443289832,2.6689892881829254,2.683494664749115,2.857559183543652,2.973602196073368,3.0896452086030353,2.799537677278829,3.524806505589378,3.524806505589378,3.597333388420464,3.495795752456955,3.916451672877118,3.959967802575721,4.177548451068926,4.119526944804047,4.090516191671657,4.090516191671624,4.119526944804047,4.17754845106896,3.959967802575657,3.91645167287715,3.495795752456955,3.5973333884204353,3.5248065055894346,3.524806505589321,2.7995376772788516,3.0896452086030353,2.973602196073344,2.857559183543698,2.683494664749072,2.6689892881829467,2.2628387443289832,1.8711935770412746,2.204817238064173,1.6246021754156543,1.8421828239088816,1.7406451879453717,1.2039462549955489,1.2474623846942032,0.9283441002375168,0.8123010877078533,0.8993333471050943,0.6382365689133133,0.6382365689133133,0.5802150626484479,0.4496666735525617,0.31911828445664636,0.33362366102286833,0.304612907890445,0.2030752719269568,0.130548389095905,0.14505376566211198,0.15955914222832832,0.08703225939727,0.0580215062648448,0.11604301252969333,0.0145053765662112,0.08703225939727,0.014505376566211666,0.043516129698633596,0.029010753132423333,0.0,0.0290107531324224,0.0,0.0145053765662112,0.014505376566211666,0.5,0.09649654024553202
1.05,expected,0.025,False,False,100,100,normal,0.3,1.2,1.6,0.75,0.1,0.19919286236538744,0.20520900511807968,0.21122514787077196,0.2172412906234642,0.22325743337615644,0.2292735761288487,0.23528971888154093,0.2413058616342332,0.24732200438692545,0.2533381471396177,0.25935428989230996,0.2653704326450022,0.27138657539769445,0.2774027181503867,0.28341886090307894,0.28943500365577124,0.2954511464084635,0.3014672891611557,0.30748343191384797,0.3134995746665402,0.31951571741923246,0.3255318601719247,0.33154800292461695,0.3375641456773092,0.34358028843000143,0.3495964311826937,0.3556125739353859,0.3616287166880782,0.36764485944077047,0.3736610021934627,0.379677144946155,0.38569328769884725,0.3917094304515395,0.39772557320423174,0.403741715956924,0.40975785870961623,0.4157740014623085,0.4217901442150007,0.42780628696769296,0.4338224297203852,0.43983857247307745,0.4458547152257697,0.45187085797846194,0.4578870007311542,0.46390314348384654,0.4699192862365388,0.475935428989231,0.48195157174192327,0.4879677144946155,0.49398385724730776,0.5,0.5060161427526922,0.5120322855053845,0.5180484282580767,0.524064571010769,0.5300807137634612,0.5360968565161535,0.5421129992688457,0.548129142021538,0.5541452847742302,0.5601614275269226,0.5661775702796148,0.572193713032307,0.5782098557849993,0.5842259985376915,0.5902421412903838,0.596258284043076,0.6022744267957683,0.6082905695484605,0.6143067123011527,0.620322855053845,0.6263389978065372,0.6323551405592295,0.6383712833119217,0.644387426064614,0.6504035688173062,0.6564197115699986,0.6624358543226908,0.668451997075383,0.6744681398280753,0.6804842825807675,0.6865004253334598,0.692516568086152,0.6985327108388443,0.7045488535915365,0.7105649963442288,0.716581139096921,0.7225972818496132,0.7286134246023056,0.7346295673549978,0.7406457101076901,0.7466618528603823,0.7526779956130746,0.7586941383657668,0.7647102811184591,0.7707264238711513,0.7767425666238436,0.7827587093765358,0.788774852129228,0.7947909948819203,0.8008071376346125,0.016621946006060057,0.0,0.016621946006060057,0.016621946006060057,0.016621946006060057,0.04986583801818017,0.0,0.033243892012120115,0.01662194600605998,0.033243892012120115,0.033243892012120115,0.016621946006060057,0.04986583801818017,0.08310973003030028,0.08310973003029952,0.1163536220424204,0.16621946006060057,0.13297556804848046,0.39892670414544135,0.16621946006060057,0.36568281213332127,0.5319022721939218,0.4321705961575614,0.48203643417574166,0.6814997862484623,0.7313656242666425,0.9806948143575343,1.163536220424204,1.196780112436324,1.6123287625878107,1.6954384926181258,1.6289507085938857,2.0943651967635675,2.310450494842348,2.509913846915069,2.4932919009090084,2.7093771989877893,3.5404744992907924,3.3243892012120115,3.823047581393813,4.0889987174907745,3.806425635387753,4.1056206634968335,5.186047153890642,4.936717963799837,5.219291045902858,5.152803261878618,5.169425207884677,5.003205747824077,4.687388773708936,4.687388773708936,5.003205747824077,5.169425207884677,5.152803261878618,5.219291045902858,4.936717963799837,5.186047153890738,4.1056206634968335,3.806425635387753,4.088998717490699,3.823047581393813,3.3243892012120115,3.5404744992907924,2.7093771989877893,2.4932919009090084,2.509913846915069,2.310450494842348,2.0943651967635675,1.6289507085938857,1.6954384926181258,1.6123287625878255,1.196780112436324,1.163536220424204,0.9806948143575434,0.7313656242666425,0.6814997862484498,0.48203643417574166,0.4321705961575614,0.5319022721939218,0.36568281213332127,0.16621946006060057,0.39892670414544135,0.13297556804848046,0.16621946006060057,0.1163536220424204,0.08310973003030028,0.08310973003030028,0.04986583801817925,0.016621946006060057,0.033243892012120115,0.033243892012120115,0.016621946006060057,0.033243892012120115,0.0,0.04986583801818017,0.016621946006060057,0.016621946006060057,0.016621946006060057,0.0,0.016621946006060057,0.5,0.07637684516797734
1.05,expected,0.025,False,False,100,100,normal,0.3,1.2,1.6,0.75,0.2,0.21515070756469656,0.22084769341340263,0.2265446792621087,0.23224166511081476,0.23793865095952083,0.24363563680822692,0.24933262265693298,0.25502960850563905,0.2607265943543451,0.2664235802030512,0.2721205660517573,0.2778175519004633,0.2835145377491694,0.28921152359787544,0.29490850944658153,0.3006054952952876,0.30630248114399367,0.31199946699269976,0.3176964528414058,0.3233934386901119,0.3290904245388179,0.334787410387524,0.34048439623623006,0.34618138208493615,0.35187836793364224,0.3575753537823483,0.3632723396310543,0.3689693254797604,0.3746663113284665,0.38036329717717254,0.38606028302587864,0.39175726887458473,0.39745425472329077,0.4031512405719968,0.4088482264207029,0.414545212269409,0.42024219811811503,0.4259391839668211,0.4316361698155272,0.43733315566423325,0.4430301415129393,0.4487271273616454,0.4544241132103515,0.4601210990590575,0.4658180849077636,0.47151507075646965,0.47721205660517574,0.4829090424538818,0.48860602830258787,0.49430301415129396,0.5,0.5056969858487061,0.5113939716974121,0.5170909575461182,0.5227879433948243,0.5284849292435303,0.5341819150922364,0.5398789009409425,0.5455758867896485,0.5512728726383547,0.5569698584870607,0.5626668443357667,0.5683638301844729,0.5740608160331788,0.579757801881885,0.5854547877305911,0.591151773579297,0.5968487594280032,0.6025457452767092,0.6082427311254153,0.6139397169741214,0.6196367028228275,0.6253336886715335,0.6310306745202396,0.6367276603689457,0.6424246462176517,0.6481216320663579,0.6538186179150638,0.6595156037637699,0.665212589612476,0.670909575461182,0.6766065613098882,0.6823035471585942,0.6880005330073002,0.6936975188560064,0.6993945047047124,0.7050914905534185,0.7107884764021246,0.7164854622508307,0.7221824480995367,0.7278794339482427,0.7335764197969489,0.7392734056456549,0.744970391494361,0.750667377343067,0.7563643631917731,0.7620613490404792,0.7677583348891852,0.7734553207378914,0.7791523065865974,0.7848492924353034,0.01755314172365596,0.01755314172365596,0.0,0.03510628344731192,0.05265942517096762,0.01755314172365596,0.01755314172365596,0.03510628344731209,0.03510628344731175,0.0702125668946235,0.10531885034193629,0.1579782755129029,0.12287199206559232,0.140425133789247,0.24574398413118465,0.19308455896021462,0.2632971258548381,0.28085026757849674,0.29840340930214987,0.36861597619677694,0.5265942517096762,0.5792536768806495,0.6845725272225791,0.8074445192881703,0.8425508027354903,0.9303165113537705,1.263826204103223,1.3164856292741907,1.3340387709978594,2.0186112982204256,2.3170147075225755,2.1590364320096938,2.457439841311847,2.5803118333774133,2.51009926648279,2.738290108890343,2.966480951297843,3.40530949438924,3.4053094943892726,3.703712903691426,3.5632877699021424,4.458497997808593,4.353179147466699,4.476051139532248,5.125517383307566,4.089882021611819,5.37126136743875,4.897326540899989,4.616476273321495,5.792536768806495,5.792536768806382,4.616476273321631,4.897326540899941,5.37126136743875,4.089882021611859,5.125517383307465,4.4760511395322915,4.353179147466699,4.458497997808549,3.5632877699021774,3.703712903691426,3.4053094943892064,3.405309494389339,2.966480951297814,2.73829010889029,2.5100992664828636,2.5803118333773885,2.457439841311847,2.1590364320096938,2.317014707522553,2.018611298220445,1.3340387709978594,1.3164856292741778,1.2638262041032353,0.9303165113537705,0.8425508027354738,0.8074445192881939,0.6845725272225724,0.5792536768806495,0.5265942517096813,0.3686159761967698,0.2984034093021528,0.28085026757849674,0.26329712585483556,0.1930845589602165,0.24574398413118465,0.14042513378924565,0.12287199206559232,0.15797827551290441,0.10531885034193629,0.07021256689462282,0.03510628344731209,0.03510628344731209,0.017553141723656046,0.017553141723655706,0.052659425170968145,0.03510628344731209,0.0,0.017553141723656046,0.017553141723656046,0.5,0.07847261665430252
1.05,expected,0.025,False,False,100,100,normal,0.3,1.2,1.6,0.75,0.3,0.21231137908886785,0.2180651515070905,0.22381892392531313,0.22957269634353578,0.23532646876175842,0.24108024117998106,0.2468340135982037,0.25258778601642634,0.258341558434649,0.2640953308528716,0.2698491032710943,0.2756028756893169,0.2813566481075396,0.2871104205257622,0.29286419294398486,0.29861796536220747,0.30437173778043014,0.31012551019865275,0.3158792826168754,0.32163305503509804,0.3273868274533207,0.3331405998715433,0.338894372289766,0.34464814470798866,0.35040191712621127,0.3561556895444339,0.36190946196265655,0.3676632343808792,0.37341700679910184,0.37917077921732445,0.3849245516355471,0.3906783240537698,0.3964320964719924,0.402185868890215,0.4079396413084377,0.41369341372666035,0.41944718614488297,0.4252009585631056,0.43095473098132825,0.4367085033995509,0.44246227581777353,0.44821604823599615,0.4539698206542188,0.4597235930724415,0.4654773654906641,0.4712311379088867,0.47698491032710943,0.48273868274533205,0.48849245516355466,0.4942462275817773,0.5,0.5057537724182226,0.5115075448364452,0.5172613172546678,0.5230150896728906,0.5287688620911132,0.5345226345093358,0.5402764069275584,0.5460301793457811,0.5517839517640037,0.5575377241822264,0.563291496600449,0.5690452690186717,0.5747990414368943,0.5805528138551169,0.5863065862733396,0.5920603586915623,0.5978141311097849,0.6035679035280075,0.6093216759462302,0.6150754483644528,0.6208292207826754,0.626582993200898,0.6323367656191208,0.6380905380373434,0.643844310455566,0.6495980828737886,0.6553518552920113,0.661105627710234,0.6668594001284566,0.6726131725466792,0.6783669449649019,0.6841207173831245,0.6898744898013471,0.6956282622195697,0.7013820346377925,0.7071358070560151,0.7128895794742377,0.7186433518924604,0.724397124310683,0.7301508967289057,0.7359046691471283,0.741658441565351,0.7474122139835736,0.7531659864017962,0.7589197588200188,0.7646735312382416,0.7704273036564642,0.7761810760746868,0.7819348484929095,0.7876886209111321,0.034759803736168736,0.034759803736168736,0.017379901868084368,0.017379901868084368,0.0,0.034759803736168736,0.017379901868084368,0.0,0.10427941120850671,0.2259387242850957,0.15641911681276008,0.06951960747233714,0.20855882241701343,0.19117892054892713,0.17379901868084452,0.43449754670210716,0.191178920548929,0.39973774296593856,0.2954583317574357,0.5735367616467815,0.5909166635148714,0.48663725230636,0.7299558784595399,0.764715682195716,1.0254142102169828,1.0254142102169728,1.2687328363701529,1.4425318550510096,1.494671560655263,1.6163308737318385,1.5989509718637542,1.9813088129616276,2.120348027906303,2.624365182080727,2.746024495157317,2.954583317574357,3.2848014530679617,3.423840668012604,3.3890808642764356,3.9278578221870863,3.8409583128466642,3.806198509110459,4.188556350208312,4.5361543875700425,4.466634780097704,4.988031836140142,4.953272032404069,4.779473013723225,5.127071051084914,4.536154387569955,4.5361543875700425,5.127071051084914,4.779473013723225,4.953272032403974,4.988031836140238,4.466634780097704,4.5361543875700425,4.188556350208272,3.8061985091104953,3.8409583128466642,3.9278578221870863,3.389080864276403,3.423840668012637,3.2848014530679617,2.9545833175742997,2.746024495157344,2.6243651820807523,2.120348027906303,1.9813088129615894,1.5989509718637698,1.616330873731854,1.494671560655263,1.4425318550509818,1.268732836370165,1.0254142102169828,1.0254142102169828,0.7647156821957012,0.729955878459547,0.4866372523063646,0.5909166635148714,0.5735367616467759,0.2954583317574357,0.39973774296594244,0.191178920548929,0.43449754670210294,0.17379901868084452,0.191178920548929,0.20855882241700943,0.06951960747233782,0.15641911681276008,0.2259387242850979,0.10427941120850472,0.0,0.017379901868084455,0.03475980373616891,0.0,0.017379901868084455,0.017379901868084455,0.034759803736168236,0.03475980373616891,0.5,0.0814529069919847
1.05,expected,0.025,False,False,100,100,normal,0.3,1.2,1.6,0.75,0.4,0.12977323353080755,0.1371777688601914,0.14458230418957524,0.15198683951895908,0.15939137484834295,0.1667959101777268,0.17420044550711064,0.18160498083649448,0.18900951616587833,0.1964140514952622,0.20381858682464604,0.21122312215402989,0.21862765748341373,0.22603219281279757,0.23343672814218142,0.24084126347156526,0.2482457988009491,0.255650334130333,0.2630548694597168,0.2704594047891007,0.2778639401184845,0.2852684754478684,0.29267301077725216,0.30007754610663606,0.3074820814360199,0.31488661676540375,0.3222911520947876,0.32969568742417144,0.3371002227535553,0.3445047580829391,0.351909293412323,0.3593138287417068,0.3667183640710907,0.3741228994004745,0.3815274347298584,0.38893197005924224,0.3963365053886261,0.4037410407180099,0.41114557604739377,0.4185501113767776,0.42595464670616145,0.4333591820355453,0.44076371736492914,0.448168252694313,0.45557278802369683,0.4629773233530807,0.47038185868246457,0.4777863940118484,0.48519092934123226,0.4925954646706161,0.49999999999999994,0.5074045353293838,0.5148090706587676,0.5222136059881515,0.5296181413175354,0.5370226766469192,0.544427211976303,0.5518317473056868,0.5592362826350707,0.5666408179644546,0.5740453532938384,0.5814498886232222,0.5888544239526061,0.59625895928199,0.6036634946113738,0.6110680299407576,0.6184725652701415,0.6258771005995254,0.6332816359289093,0.640686171258293,0.6480907065876769,0.6554952419170608,0.6628997772464447,0.6703043125758283,0.6777088479052122,0.6851133832345961,0.69251791856398,0.6999224538933639,0.7073269892227476,0.7147315245521315,0.7221360598815154,0.7295405952108993,0.736945130540283,0.7443496658696669,0.7517542011990508,0.7591587365284347,0.7665632718578184,0.7739678071872023,0.7813723425165862,0.7887768778459701,0.796181413175354,0.8035859485047376,0.8109904838341215,0.8183950191635054,0.8257995544928893,0.833204089822273,0.8406086251516569,0.8480131604810408,0.8554176958104247,0.8628222311398084,0.8702267664691924,0.013505236392507202,0.0,0.0,0.0,0.0,0.0,0.0,0.0,0.0,0.0,0.013505236392507202,0.0,0.013505236392507202,0.027010472785014405,0.013505236392507202,0.013505236392507202,0.09453665474754973,0.08103141835504384,0.14855760031757814,0.17556807310259495,0.28360996424264917,0.16206283671008767,0.18907330949509946,0.24309425506512966,0.17556807310259365,0.4861885101302593,0.6212408740553313,0.4861885101302593,0.7562932379804034,1.039903202223047,1.0399032022230625,1.3775341120357245,1.5395969487458327,1.7286702582409093,1.8772278585585012,2.241869241156196,2.5119739690063403,2.471458259828818,2.903625824389049,2.903625824389049,3.376309098126801,3.443835280089337,4.10559186332219,4.0380656813596545,4.213633754462216,4.429717536742364,4.699822264592506,4.173118045284727,5.050958410797694,4.362191354779827,4.362191354779827,5.050958410797732,4.173118045284695,4.699822264592472,4.4297175367423955,4.213633754462279,4.038065681359623,4.105591863322159,3.443835280089311,3.3763090981268267,2.9036258243890707,2.903625824389027,2.4714582598288,2.5119739690063585,2.2418692411562127,1.8772278585584874,1.7286702582409093,1.5395969487458099,1.3775341120357658,1.039903202223047,1.039903202223047,0.7562932379803978,0.48618851013027026,0.6212408740553267,0.4861885101302557,0.17556807310259234,0.24309425506512786,0.1890733094951051,0.16206283671008523,0.28360996424264917,0.17556807310259234,0.14855760031758258,0.08103141835504261,0.09453665474754973,0.013505236392507104,0.013505236392507508,0.027010472785014207,0.013505236392507104,0.0,0.013505236392507104,0.0,0.0,0.0,0.0,0.0,0.0,0.0,0.0,0.0,0.013505236392506902,0.5,0.08385162362245988
1.05,expected,0.025,False,False,100,100,normal,0.3,1.2,1.6,1.0,0.1,0.21242143222756574,0.21817300358301442,0.2239245749384631,0.2296761462939118,0.2354277176493605,0.24117928900480917,0.24693086036025785,0.25268243171570653,0.2584340030711552,0.2641855744266039,0.2699371457820526,0.27568871713750126,0.28144028849295,0.2871918598483987,0.29294343120384736,0.29869500255929604,0.3044465739147447,0.3101981452701934,0.3159497166256421,0.32170128798109077,0.32745285933653945,0.33320443069198813,0.3389560020474368,0.3447075734028855,0.3504591447583342,0.35621071611378285,0.36196228746923154,0.3677138588246802,0.3734654301801289,0.37921700153557764,0.3849685728910263,0.390720144246475,0.3964717156019237,0.40222328695737236,0.40797485831282104,0.4137264296682697,0.41947800102371846,0.42522957237916714,0.4309811437346158,0.4367327150900645,0.4424842864455132,0.44823585780096187,0.45398742915641055,0.45973900051185923,0.4654905718673079,0.4712421432227566,0.4769937145782053,0.48274528593365396,0.48849685728910264,0.4942484286445513,0.5,0.5057515713554487,0.5115031427108974,0.517254714066346,0.5230062854217947,0.5287578567772434,0.5345094281326921,0.5402609994881408,0.5460125708435896,0.5517641421990382,0.5575157135544869,0.5632672849099356,0.5690188562653843,0.574770427620833,0.5805219989762817,0.5862735703317303,0.592025141687179,0.5977767130426277,0.6035282843980764,0.6092798557535251,0.6150314271089737,0.6207829984644224,0.6265345698198711,0.6322861411753198,0.6380377125307685,0.6437892838862171,0.6495408552416658,0.6552924265971145,0.6610439979525632,0.6667955693080119,0.6725471406634606,0.6782987120189092,0.6840502833743579,0.6898018547298066,0.6955534260852554,0.7013049974407041,0.7070565687961528,0.7128081401516013,0.71855971150705,0.7243112828624987,0.7300628542179475,0.7358144255733962,0.7415659969288448,0.7473175682842935,0.7530691396397422,0.7588207109951909,0.7645722823506396,0.7703238537060882,0.7760754250615369,0.7818269964169856,0.7875785677724343,0.01738655296439402,0.0,0.0,0.0,0.0,0.0,0.01738655296439402,0.0,0.03477310592878804,0.0,0.01738655296439402,0.017386552964393853,0.0,0.03477310592878804,0.05215965889318206,0.0869327648219701,0.0869327648219701,0.0869327648219701,0.1738655296439402,0.0869327648219701,0.2607982944659103,0.3477310592878804,0.3303445063234864,0.46943693003863857,0.5911428007893966,0.4868234830030326,0.991033518970459,0.8171679893265189,0.9214873071128741,0.9041007541484891,1.5300166608666737,1.6517225316174318,2.3297980972287986,2.3124115442644047,2.6079829446591027,2.2950249912999885,3.2338988513772877,3.3034450632348635,3.8772013110598667,3.825041652166684,3.964134075881836,4.955167594852296,4.8682348300303255,5.2333524422826,5.5289238426772975,5.302898654140177,5.598470054534874,5.8418817960363905,5.789722137143208,6.050520431609119,6.050520431609119,5.789722137143208,5.8418817960363905,5.598470054534874,5.302898654140177,5.5289238426772975,5.2333524422826,4.868234830030231,4.955167594852296,3.964134075881836,3.825041652166684,3.8772013110598667,3.3034450632348635,3.2338988513772877,2.2950249913000107,2.6079829446591027,2.3124115442644047,2.3297980972287986,1.6517225316174318,1.5300166608666737,0.9041007541484891,0.921487307112883,0.8171679893265189,0.991033518970459,0.4868234830030326,0.5911428007893966,0.46943693003863857,0.3303445063234864,0.3477310592878804,0.2607982944659103,0.0869327648219701,0.1738655296439402,0.0869327648219701,0.08693276482196842,0.0869327648219701,0.05215965889318206,0.03477310592878871,0.0,0.01738655296439402,0.017386552964393683,0.0,0.03477310592878804,0.0,0.01738655296439402,0.0,0.0,0.0,0.0,0.0,0.01738655296439402,0.5,0.06650244747762624
1.05,expected,0.025,False,False,100,100,normal,0.3,1.2,1.6,1.0,0.2,0.2446349783900907,0.2497422788222889,0.2548495792544871,0.2599568796866853,0.26506418011888344,0.27017148055108164,0.27527878098327985,0.280386081415478,0.2854933818476762,0.2906006822798744,0.29570798271207255,0.30081528314427075,0.30592258357646895,0.31102988400866716,0.3161371844408653,0.3212444848730635,0.3263517853052617,0.33145908573745986,0.33656638616965806,0.34167368660185626,0.34678098703405447,0.3518882874662526,0.3569955878984508,0.362102888330649,0.36721018876284717,0.37231748919504537,0.3774247896272436,0.3825320900594418,0.3876393904916399,0.3927466909238381,0.3978539913560363,0.4029612917882345,0.4080685922204327,0.4131758926526309,0.4182831930848291,0.42339049351702723,0.42849779394922544,0.4336050943814236,0.4387123948136218,0.44381969524582,0.4489269956780182,0.4540342961102164,0.45914159654241454,0.4642488969746127,0.4693561974068109,0.4744634978390091,0.4795707982712073,0.4846780987034055,0.4897853991356037,0.4948926995678018,0.5,0.5051073004321982,0.5102146008643964,0.5153219012965946,0.5204292017287928,0.525536502160991,0.5306438025931891,0.5357511030253873,0.5408584034575855,0.5459657038897837,0.5510730043219819,0.5561803047541801,0.5612876051863783,0.5663949056185764,0.5715022060507746,0.5766095064829728,0.581716806915171,0.5868241073473692,0.5919314077795674,0.5970387082117656,0.6021460086439637,0.6072533090761619,0.6123606095083601,0.6174679099405583,0.6225752103727565,0.6276825108049547,0.6327898112371528,0.637897111669351,0.6430044121015492,0.6481117125337474,0.6532190129659456,0.6583263133981438,0.663433613830342,0.6685409142625401,0.6736482146947383,0.6787555151269365,0.6838628155591348,0.688970115991333,0.6940774164235312,0.6991847168557294,0.7042920172879275,0.7093993177201257,0.7145066181523239,0.7196139185845221,0.7247212190167203,0.7298285194489185,0.7349358198811167,0.7400431203133148,0.745150420745513,0.7502577211777112,0.7553650216099094,0.019579815467593343,0.0,0.0,0.0,0.01957981546759324,0.058739446402779706,0.0,0.058739446402779706,0.058739446402779706,0.11747889280556069,0.09789907733796618,0.13705870827315267,0.07831926187037296,0.17621833920834107,0.1566385237407459,0.3132770474814918,0.29369723201390174,0.21537797014352558,0.33285686294908506,0.3720164938842715,0.46991557122224276,0.6461339104305768,0.8615118805741023,0.8223522496389248,0.7636128032361362,1.0573100352500349,1.1160494816528146,1.70344394568063,1.5076457910046792,1.7230237611482235,2.212519147838036,2.271258594240815,2.388737487046375,2.9173925046713927,2.408317302513994,3.543946599634376,3.34814844495848,3.543946599634376,4.190080510064953,4.248819956467733,4.934113497833496,4.777474974092802,4.816634605027988,5.012432759703869,4.973273128768683,4.953693313301089,5.893524455745565,6.226381318694649,5.952263902148474,6.10890242588909,6.10890242588909,5.952263902148344,6.226381318694649,5.893524455745565,4.953693313301089,4.97327312876879,5.012432759703869,4.816634605027936,4.77747497409275,4.934113497833496,4.248819956467733,4.190080510064953,3.543946599634453,3.3481484449584435,3.543946599634376,2.408317302513968,2.9173925046713927,2.388737487046375,2.271258594240815,2.212519147838084,1.7230237611482047,1.5076457910046792,1.7034439456806119,1.1160494816528146,1.0573100352500349,0.7636128032361529,0.822352249638916,0.8615118805741023,0.6461339104305768,0.46991557122223765,0.3720164938842715,0.33285686294908506,0.21537797014353027,0.2936972320138986,0.3132770474814918,0.1566385237407459,0.17621833920833913,0.07831926187037296,0.13705870827315267,0.09789907733796831,0.11747889280555941,0.058739446402779706,0.058739446402779706,0.0,0.058739446402779706,0.01957981546759324,0.0,0.0,0.0,0.01957981546759324,0.5,0.06846494103538323
1.05,expected,0.025,False,False,100,100,normal,0.3,1.2,1.6,1.0,0.3,0.24832524506779488,0.253358740166439,0.2583922352650831,0.2634257303637272,0.2684592254623713,0.27349272056101537,0.2785262156596595,0.2835597107583036,0.2885932058569477,0.2936267009555918,0.2986601960542359,0.30369369115288003,0.3087271862515241,0.3137606813501682,0.3187941764488123,0.3238276715474564,0.32886116664610054,0.33389466174474464,0.33892815684338873,0.3439616519420328,0.3489951470406769,0.35402864213932106,0.3590621372379651,0.36409563233660924,0.36912912743525333,0.3741626225338974,0.3791961176325416,0.3842296127311856,0.38926310782982976,0.39429660292847385,0.39933009802711794,0.4043635931257621,0.4093970882244061,0.4144305833230503,0.41946407842169436,0.42449757352033846,0.4295310686189826,0.43456456371762664,0.4395980588162708,0.4446315539149149,0.44966504901355897,0.45469854411220306,0.45973203921084715,0.4647655343094913,0.46979902940813534,0.4748325245067795,0.4798660196054236,0.48489951470406767,0.4899330098027118,0.49496650490135585,0.5,0.5050334950986441,0.5100669901972882,0.5151004852959323,0.5201339803945764,0.5251674754932205,0.5302009705918646,0.5352344656905087,0.5402679607891528,0.5453014558877969,0.550334950986441,0.5553684460850851,0.5604019411837292,0.5654354362823734,0.5704689313810174,0.5755024264796615,0.5805359215783056,0.5855694166769497,0.5906029117755939,0.5956364068742379,0.6006699019728821,0.6057033970715261,0.6107368921701702,0.6157703872688144,0.6208038823674584,0.6258373774661026,0.6308708725647466,0.6359043676633908,0.6409378627620349,0.6459713578606789,0.6510048529593231,0.6560383480579671,0.6610718431566113,0.6661053382552554,0.6711388333538995,0.6761723284525436,0.6812058235511876,0.6862393186498318,0.6912728137484758,0.69630630884712,0.7013398039457641,0.7063732990444082,0.7114067941430523,0.7164402892416963,0.7214737843403405,0.7265072794389846,0.7315407745376287,0.7365742696362728,0.7416077647349169,0.746641259833561,0.751674754932205,0.01986691117012057,0.01986691117012068,0.05960073351036203,0.01986691117012068,0.03973382234024136,0.03973382234024092,0.03973382234024136,0.03973382234024136,0.03973382234024136,0.0993345558506034,0.07946764468048184,0.13906837819084475,0.0993345558506034,0.13906837819084475,0.1986691117012068,0.258269845211566,0.3774713122322929,0.35760440106217223,0.5761404239334997,0.5364066015932584,0.6556080686139752,0.5364066015932643,1.0132124696761435,0.8542771803151893,1.052946292016396,1.4502845154187938,1.3310830483981002,1.5893528936096368,1.8078889164809817,2.0264249393523093,1.9072234723315644,2.3244286069041453,2.5032308074351777,2.582698452115688,3.3177741654101536,3.138971964879033,3.7548462111528496,4.112450612214936,3.7747131223229293,4.251518990405826,4.132317523385101,4.569389569127756,5.403799838272765,5.125663081891192,5.642202772314211,5.3640660159325835,5.24486454891186,5.344199104762404,5.681936594654577,5.662069683484331,5.662069683484331,5.681936594654577,5.344199104762404,5.2448645489119174,5.364066015932524,5.642202772314335,5.125663081891079,5.403799838272765,4.569389569127807,4.132317523385056,4.251518990405872,3.7747131223228876,4.112450612214936,3.7548462111528496,3.138971964879033,3.3177741654101895,2.5826984521156597,2.5032308074351777,2.3244286069041453,1.9072234723315644,2.026424939352332,1.8078889164809617,1.5893528936096368,1.3310830483981002,1.4502845154187938,1.0529462920164077,0.8542771803151797,1.0132124696761435,0.5364066015932643,0.6556080686139752,0.5364066015932643,0.5761404239334934,0.3576044010621683,0.3774713122322971,0.258269845211566,0.198669111701209,0.13906837819084322,0.0993345558506045,0.13906837819084322,0.07946764468048184,0.0993345558506045,0.03973382234024092,0.039733822340241795,0.03973382234024092,0.03973382234024092,0.039733822340241795,0.01986691117012046,0.05960073351036269,0.01986691117012046,0.019866911170120898,0.5,0.0703691407758066
1.05,expected,0.025,False,False,100,100,normal,0.3,1.2,1.6,1.0,0.4,0.21895697661661004,0.22457783708427784,0.23019869755194564,0.23581955801961343,0.24144041848728123,0.24706127895494903,0.25268213942261686,0.2583029998902846,0.26392386035795246,0.2695447208256202,0.27516558129328805,0.2807864417609558,0.28640730222862365,0.2920281626962914,0.29764902316395925,0.303269883631627,0.30889074409929484,0.3145116045669626,0.32013246503463044,0.3257533255022982,0.33137418596996604,0.3369950464376338,0.34261590690530164,0.3482367673729694,0.35385762784063723,0.359478488308305,0.36509934877597283,0.3707202092436406,0.37634106971130843,0.3819619301789762,0.387582790646644,0.39320365111431177,0.3988245115819796,0.40444537204964737,0.4100662325173152,0.41568709298498296,0.4213079534526508,0.42692881392031856,0.4325496743879864,0.43817053485565416,0.443791395323322,0.44941225579098976,0.4550331162586576,0.46065397672632535,0.4662748371939932,0.47189569766166095,0.4775165581293288,0.48313741859699655,0.4887582790646644,0.49437913953233215,0.5,0.5056208604676677,0.5112417209353356,0.5168625814030033,0.5224834418706712,0.5281043023383389,0.5337251628060068,0.5393460232736745,0.5449668837413424,0.5505877442090101,0.556208604676678,0.5618294651443457,0.5674503256120136,0.5730711860796813,0.5786920465473492,0.5843129070150169,0.5899337674826848,0.5955546279503525,0.6011754884180204,0.6067963488856881,0.612417209353356,0.6180380698210237,0.6236589302886916,0.6292797907563593,0.6349006512240272,0.6405215116916949,0.6461423721593628,0.6517632326270305,0.6573840930946984,0.6630049535623661,0.668625814030034,0.6742466744977017,0.6798675349653696,0.6854883954330373,0.6911092559007052,0.6967301163683729,0.7023509768360408,0.7079718373037085,0.7135926977713763,0.7192135582390441,0.724834418706712,0.7304552791743798,0.7360761396420475,0.7416970001097153,0.7473178605773831,0.752938721045051,0.7585595815127187,0.7641804419803865,0.7698013024480543,0.7754221629157222,0.7810430233833899,0.017790870379227167,0.0,0.017790870379227167,0.0,0.0,0.0,0.0,0.05337261113768097,0.0,0.07116348151690796,0.03558174075845469,0.01779087037922699,0.05337261113768203,0.12453609265458895,0.08895435189613671,0.1956995741714969,0.2490721853091828,0.17790870379226992,0.3024447964468648,0.30244479644685884,0.42698088910145626,0.3736082779637668,0.8005891670652304,0.6582622040313987,0.7650074263067757,0.9251252597198035,0.9607070004782765,1.1564065746497545,1.4766422414758693,1.494433111855067,1.814668778681189,1.65455094526811,2.045950093611144,2.615257945746368,2.2594405381618725,3.0956114459854964,3.0244479644686484,3.771664520396122,3.7538736500169696,4.0207367057053,3.5937558166039234,4.78574413201206,4.821325872770609,4.483299335565202,5.337261113768203,5.248306761871962,5.5329606879397035,5.319470243388871,5.5329606879397035,5.49737894718114,5.497378947181248,5.532960687939594,5.319470243388976,5.532960687939594,5.248306761872066,5.337261113768097,4.483299335565291,4.821325872770514,4.785744132012155,3.5937558166038523,4.02073670570538,3.7538736500168954,3.7716645203961967,3.0244479644685884,3.0956114459855577,2.2594405381618277,2.6152579457464196,2.0459500936111037,1.6545509452681428,1.814668778681153,1.4944331118550969,1.4766422414758402,1.1564065746497771,0.9607070004782576,0.9251252597198217,0.7650074263067606,0.6582622040314117,0.8005891670652145,0.3736082779637742,0.42698088910144777,0.3024447964468648,0.30244479644685884,0.17790870379227341,0.2490721853091779,0.19569957417150077,0.08895435189613496,0.1245360926545914,0.05337261113768097,0.017790870379227344,0.03558174075845398,0.07116348151690796,0.0,0.05337261113768203,0.0,0.0,0.0,0.0,0.01779087037922699,0.0,0.017790870379227344,0.5,0.07202964816093231
1.05,expected,0.025,False,False,100,100,normal,0.3,1.2,1.6,1.25,0.1,0.26619540830509836,0.2708715001389964,0.2755475919728944,0.28022368380679247,0.28489977564069047,0.2895758674745885,0.2942519593084866,0.2989280511423846,0.30360414297628263,0.30828023481018063,0.3129563266440787,0.31763241847797674,0.32230851031187474,0.3269846021457728,0.3316606939796708,0.33633678581356885,0.3410128776474669,0.3456889694813649,0.35036506131526296,0.35504115314916096,0.359717244983059,0.36439333681695707,0.36906942865085507,0.3737455204847531,0.3784216123186511,0.3830977041525492,0.38777379598644723,0.39244988782034523,0.39712597965424323,0.4018020714881413,0.40647816332203934,0.4111542551559374,0.4158303469898354,0.4205064388237334,0.42518253065763145,0.4298586224915295,0.43453471432542756,0.43921080615932556,0.44388689799322356,0.4485629898271216,0.45323908166101967,0.4579151734949177,0.4625912653288157,0.4672673571627137,0.4719434489966118,0.47661954083050984,0.4812956326644079,0.4859717244983059,0.4906478163322039,0.49532390816610194,0.5,0.504676091833898,0.5093521836677961,0.514028275501694,0.5187043673355921,0.5233804591694902,0.5280565510033881,0.5327326428372863,0.5374087346711842,0.5420848265050823,0.5467609183389803,0.5514370101728783,0.5561131020067764,0.5607891938406744,0.5654652856745724,0.5701413775084705,0.5748174693423684,0.5794935611762666,0.5841696530101645,0.5888457448440626,0.5935218366779607,0.5981979285118586,0.6028740203457568,0.6075501121796547,0.6122262040135528,0.6169022958474508,0.6215783876813488,0.6262544795152469,0.6309305713491449,0.6356066631830429,0.640282755016941,0.6449588468508389,0.6496349386847371,0.654311030518635,0.6589871223525331,0.6636632141864311,0.6683393060203291,0.6730153978542273,0.6776914896881252,0.6823675815220233,0.6870436733559213,0.6917197651898193,0.6963958570237174,0.7010719488576154,0.7057480406915134,0.7104241325254115,0.7151002243593094,0.7197763161932076,0.7244524080271055,0.7291284998610036,0.7338045916949016,0.021385379832593795,0.0,0.0,0.0427707596651881,0.0,0.021385379832593795,0.0,0.04277075966518759,0.0427707596651881,0.04277075966518759,0.0,0.0427707596651881,0.06415613949778139,0.0427707596651881,0.19246841849334417,0.14969765882815655,0.21385379832594048,0.17108303866075036,0.40632221681928693,0.3207806974889069,0.49186373614965734,0.6843321546430096,0.5132491159822511,0.7698736739733858,1.0051128521319084,0.9623420924667208,1.261737410123049,1.3900496891186132,1.3900496891185967,1.9032988051008477,2.1171526034267854,2.181308742924593,2.5020894404135037,2.8014847580697873,2.9084116572327563,2.8656408975675682,3.9776806488624934,4.084607548025463,4.512315144677291,4.982793500994354,5.2608034388180736,5.196647299320354,6.030677112791522,6.330072430447763,6.137604011954418,6.2231455312847945,6.030677112791522,7.292414522914571,6.565311608606295,6.736394647267046,6.736394647267046,6.565311608606295,7.292414522914656,6.03067711279145,6.2231455312847945,6.137604011954565,6.330072430447613,6.030677112791594,5.196647299320293,5.2608034388180736,4.982793500994473,4.512315144677184,4.084607548025511,3.9776806488624463,2.8656408975675682,2.908411657232825,2.8014847580697206,2.5020894404135334,2.1813087429245672,2.1171526034267854,1.9032988051008928,1.3900496891185636,1.3900496891186296,1.261737410123034,0.9623420924667208,1.0051128521319321,0.7698736739733584,0.5132491159822633,0.6843321546430015,0.49186373614965734,0.3207806974889145,0.40632221681927244,0.17108303866075442,0.21385379832593795,0.14969765882815655,0.19246841849334873,0.04277075966518657,0.06415613949778291,0.04277075966518759,0.0,0.042770759665188604,0.04277075966518657,0.042770759665188604,0.0,0.021385379832593795,0.0,0.04277075966518657,0.0,0.0,0.021385379832593795,0.5,0.058856921858701006
1.05,expected,0.025,False,False,100,100,normal,0.3,1.2,1.6,1.25,0.2,0.2539272959170541,0.258848749998713,0.26377020408037194,0.26869165816203083,0.2736131122436898,0.2785345663253487,0.2834560204070076,0.2883774744886665,0.29329892857032547,0.29822038265198436,0.30314183673364326,0.3080632908153022,0.3129847448969611,0.31790619897862005,0.32282765306027894,0.32774910714193783,0.3326705612235968,0.33759201530525573,0.3425134693869146,0.3474349234685735,0.35235637755023247,0.35727783163189136,0.3621992857135503,0.3671207397952092,0.3720421938768681,0.37696364795852705,0.381885102040186,0.3868065561218449,0.3917280102035038,0.3966494642851627,0.4015709183668216,0.4064923724484806,0.41141382653013947,0.41633528061179836,0.4212567346934573,0.42617818877511626,0.43109964285677516,0.43602109693843405,0.44094255102009294,0.4458640051017519,0.45078545918341084,0.45570691326506974,0.46062836734672863,0.4655498214283876,0.47047127551004647,0.4753927295917054,0.4803141836733643,0.4852356377550232,0.49015709183668216,0.4950785459183411,0.5,0.5049214540816589,0.5098429081633178,0.5147643622449767,0.5196858163266357,0.5246072704082946,0.5295287244899535,0.5344501785716125,0.5393716326532714,0.5442930867349303,0.5492145408165892,0.554135994898248,0.559057448979907,0.563978903061566,0.5689003571432248,0.5738218112248837,0.5787432653065427,0.5836647193882016,0.5885861734698605,0.5935076275515194,0.5984290816331783,0.6033505357148372,0.6082719897964962,0.6131934438781551,0.618114897959814,0.623036352041473,0.6279578061231319,0.6328792602047908,0.6378007142864497,0.6427221683681086,0.6476436224497675,0.6525650765314264,0.6574865306130854,0.6624079846947443,0.6673294387764033,0.6722508928580622,0.6771723469397211,0.68209380102138,0.6870152551030388,0.6919367091846977,0.6968581632663566,0.7017796173480156,0.7067010714296745,0.7116225255113335,0.7165439795929924,0.7214654336746513,0.7263868877563102,0.7313083418379691,0.736229795919628,0.7411512500012869,0.7460727040829459,0.020319198013586386,0.0,0.0,0.0,0.0,0.0,0.0,0.020319198013586157,0.0,0.1422343860951047,0.04063839602717231,0.08127679205434554,0.08127679205434463,0.04063839602717277,0.12191518808151831,0.08127679205434463,0.14223438609510308,0.3047879702037958,0.264149574176623,0.16255358410868925,0.3860647622581413,0.4267031582853093,0.5892567423940052,0.6908527324619371,0.7924487225298601,1.1581942867744108,1.0159599006793192,1.2394710788287695,1.3613862669102879,1.4223438609510308,2.2757501775216493,1.8084086232091883,2.539899751698298,2.478942157657511,2.8650069199156483,3.4745828603232716,3.6168172464183765,3.921605216622172,4.104477998744404,4.612457949084058,4.978203513328664,4.978203513328664,5.404906671613918,5.953525017980811,5.851929027912813,6.502143364347643,6.136397800103088,6.095759404075847,6.4818241663339835,6.928846522632957,6.928846522632957,6.481824166334056,6.095759404075915,6.13639780010295,6.502143364347643,5.851929027912879,5.9535250179806765,5.404906671613979,4.978203513328664,4.978203513328664,4.61245794908411,4.10447799874445,3.9216052166220843,3.6168172464183765,3.4745828603232716,2.865006919915616,2.478942157657539,2.539899751698298,1.8084086232091883,2.275750177521675,1.4223438609510468,1.3613862669102572,1.2394710788287695,1.0159599006793192,1.158194286774398,0.7924487225298691,0.6908527324619371,0.5892567423940052,0.42670315828531413,0.3860647622581413,0.16255358410869108,0.26414957417661705,0.3047879702037958,0.1422343860951015,0.08127679205434554,0.12191518808151831,0.04063839602717277,0.08127679205434554,0.08127679205434554,0.04063839602717277,0.1422343860951015,0.0,0.020319198013585928,0.0,0.0,0.0,0.0,0.0,0.0,0.020319198013585928,0.5,0.06086885705340314
1.05,expected,0.025,False,False,100,100,normal,0.3,1.2,1.6,1.25,0.3,0.266291323761639,0.27096549728640623,0.27563967081117347,0.28031384433594064,0.2849880178607079,0.2896621913854751,0.29433636491024234,0.2990105384350095,0.30368471195977675,0.308358885484544,0.3130330590093112,0.3177072325340784,0.32238140605884563,0.32705557958361287,0.3317297531083801,0.33640392663314733,0.3410781001579145,0.34575227368268174,0.350426447207449,0.35510062073221615,0.3597747942569834,0.3644489677817506,0.36912314130651785,0.3737973148312851,0.37847148835605227,0.3831456618808195,0.38781983540558673,0.3924940089303539,0.3971681824551212,0.4018423559798884,0.4065165295046556,0.41119070302942284,0.41586487655419,0.4205390500789573,0.4252132236037245,0.4298873971284917,0.43456157065325896,0.43923574417802613,0.44390991770279337,0.4485840912275606,0.4532582647523278,0.45793243827709507,0.46260661180186224,0.4672807853266295,0.4719549588513967,0.4766291323761639,0.4813033059009311,0.48597747942569836,0.4906516529504656,0.4953258264752328,0.5,0.5046741735247673,0.5093483470495345,0.5140225205743016,0.5186966940990689,0.5233708676238361,0.5280450411486033,0.5327192146733706,0.5373933881981378,0.5420675617229049,0.5467417352476722,0.5514159087724395,0.5560900822972066,0.5607642558219739,0.5654384293467412,0.5701126028715083,0.5747867763962755,0.5794609499210428,0.58413512344581,0.5888092969705772,0.5934834704953444,0.5981576440201116,0.6028318175448788,0.6075059910696461,0.6121801645944134,0.6168543381191804,0.6215285116439477,0.626202685168715,0.6308768586934822,0.6355510322182494,0.6402252057430167,0.6448993792677838,0.649573552792551,0.6542477263173183,0.6589218998420855,0.6635960733668527,0.66827024689162,0.6729444204163872,0.6776185939411543,0.6822927674659216,0.6869669409906889,0.6916411145154561,0.6963152880402232,0.7009894615649905,0.7056636350897577,0.7103378086145249,0.7150119821392922,0.7196861556640594,0.7243603291888265,0.7290345027135938,0.733708676238361,0.021394156522030243,0.0,0.0,0.0,0.0,0.021394156522030243,0.0213941565220305,0.021394156522030243,0.0,0.08557662608812097,0.14975909565421347,0.10697078261015122,0.042788313044060486,0.06418246956609074,0.10697078261015122,0.27812403478639647,0.36370066087451414,0.1925474086982722,0.342306504352488,0.4706714434846654,0.7274013217490283,0.3850948173965444,0.5776422260948165,0.7487954782710674,1.0697078261015123,1.1766786087116634,1.5617734261082263,1.2622552347997695,1.71153252176244,1.9040799304606917,2.1394156522030245,2.2249922782911717,2.481722156555479,2.952393600040209,3.50864166961296,4.236042991361988,3.8723423304875197,4.321619617450109,4.236042991361988,4.621137808758588,5.006232626155017,4.214648834840008,5.648057321815984,5.6052690087719235,5.883393043558387,5.968969669646438,6.396852800087043,6.674976834873436,6.18291123486674,7.380984000100521,7.380984000100347,6.182911234866814,6.674976834873516,6.396852800086967,5.968969669646509,5.883393043558387,5.605269008771858,5.648057321816052,4.214648834840008,5.006232626155017,4.621137808758478,4.236042991362139,4.321619617450058,3.8723423304874283,4.236042991362038,3.5086416696130014,2.9523936000401387,2.481722156555538,2.2249922782911717,2.139415652202999,1.9040799304607143,1.71153252176244,1.2622552347997695,1.5617734261081893,1.1766786087117054,1.0697078261014994,0.7487954782710496,0.5776422260948235,0.385094817396549,0.7274013217490196,0.470671443484671,0.342306504352488,0.19254740869826992,0.36370066087451847,0.27812403478639647,0.10697078261014994,0.06418246956608997,0.04278831304406201,0.10697078261014994,0.14975909565420994,0.085576626088122,0.0,0.02139415652202999,0.0213941565220305,0.0213941565220305,0.0,0.0,0.0,0.0,0.0213941565220305,0.5,0.060909253535935313
1.05,expected,0.025,False,False,100,100,normal,0.3,1.2,1.6,1.25,0.4,0.27395447931230416,0.27847538972605806,0.282996300139812,0.2875172105535659,0.29203812096731985,0.29655903138107376,0.30107994179482767,0.3056008522085816,0.3101217626223355,0.3146426730360894,0.3191635834498433,0.32368449386359727,0.3282054042773512,0.3327263146911051,0.337247225104859,0.3417681355186129,0.34628904593236687,0.3508099563461208,0.3553308667598747,0.3598517771736286,0.3643726875873825,0.3688935980011364,0.3734145084148903,0.37793541882864423,0.3824563292423982,0.3869772396561521,0.391498150069906,0.3960190604836599,0.4005399708974139,0.4050608813111678,0.4095817917249217,0.4141027021386756,0.4186236125524295,0.42314452296618343,0.42766543337993734,0.43218634379369125,0.43670725420744516,0.4412281646211991,0.44574907503495304,0.45026998544870694,0.45479089586246085,0.4593118062762148,0.4638327166899687,0.46835362710372264,0.47287453751747655,0.47739544793123045,0.48191635834498436,0.4864372687587383,0.4909581791724922,0.4954790895862461,0.5,0.504520910413754,0.5090418208275078,0.5135627312412618,0.5180836416550157,0.5226045520687697,0.5271254624825236,0.5316463728962775,0.5361672833100314,0.5406881937237853,0.5452091041375392,0.5497300145512931,0.5542509249650471,0.5587718353788009,0.563292745792555,0.5678136562063087,0.5723345666200628,0.5768554770338166,0.5813763874475706,0.5858972978613245,0.5904182082750784,0.5949391186888323,0.5994600291025862,0.6039809395163401,0.608501849930094,0.6130227603438481,0.6175436707576019,0.6220645811713559,0.6265854915851097,0.6311064019988637,0.6356273124126175,0.6401482228263715,0.6446691332401254,0.6491900436538793,0.6537109540676332,0.6582318644813872,0.6627527748951411,0.667273685308895,0.671794595722649,0.6763155061364028,0.6808364165501568,0.6853573269639106,0.6898782373776646,0.6943991477914185,0.6989200582051724,0.7034409686189264,0.7079618790326803,0.7124827894464342,0.7170036998601881,0.721524610273942,0.7260455206876959,0.022119438530737362,0.0,0.0,0.044238877061474176,0.08847775412294945,0.08847775412294945,0.11059719265368681,0.0,0.15483606971516153,0.13271663118442417,0.11059719265368544,0.24331382383811095,0.2875527008995857,0.2875527008995857,0.22119438530737362,0.19907494677663382,0.26543326236884834,0.552985963268434,0.42026933208400985,0.6857025944528582,0.8847775412294945,0.7520609100450703,0.6857025944528582,0.9290164182909577,1.3271663118442416,1.17233024212908,1.7253162053975142,1.3492857503749625,2.256182730135211,2.4994965539733216,2.4110187998503725,2.4773771154425845,2.8312881319343823,3.1851991484261797,3.118840832833968,3.7824239887560887,3.6497073575716197,4.136335005247886,4.622962652924108,4.888395915292956,4.998993107946582,5.242306931784754,5.198068054723279,5.264426370315491,5.706815140930239,5.61833738680729,6.503114928036784,6.857025944528582,6.7021898748134205,5.905890087706875,5.90589008770673,6.702189874813585,6.857025944528413,6.503114928036784,5.61833738680729,5.706815140930239,5.264426370315491,5.198068054723279,5.242306931784754,4.998993107946643,4.888395915292956,4.622962652923995,4.136335005247988,3.6497073575715744,3.7824239887561815,3.1188408328338912,3.185199148426258,2.8312881319343126,2.4773771154425845,2.4110187998503725,2.4994965539733216,2.256182730135211,1.349285750374979,1.7253162053975142,1.1723302421290513,1.3271663118442742,0.9290164182909463,0.6857025944528751,0.7520609100450518,0.8847775412295161,0.6857025944528413,0.42026933208400985,0.552985963268434,0.26543326236884834,0.19907494677663623,0.22119438530737362,0.2875527008995857,0.28755270089957863,0.24331382383811692,0.11059719265368408,0.13271663118442745,0.1548360697151577,0.0,0.11059719265368681,0.08847775412294945,0.08847775412294945,0.044238877061474724,0.0,0.0,0.022119438530737362,0.5,0.06386852073757743
1.05,expected,0.025,False,False,100,100,normal,0.3,1.2,1.6,1.5,0.1,0.28017374677374507,0.28457027183827016,0.28896679690279525,0.29336332196732035,0.2977598470318455,0.3021563720963706,0.3065528971608957,0.31094942222542077,0.31534594728994586,0.31974247235447095,0.32413899741899604,0.32853552248352114,0.3329320475480463,0.3373285726125714,0.34172509767709647,0.34612162274162156,0.35051814780614665,0.3549146728706718,0.35931119793519684,0.363707722999722,0.3681042480642471,0.37250077312877217,0.37689729819329726,0.38129382325782235,0.3856903483223475,0.39008687338687253,0.3944833984513977,0.3988799235159228,0.40327644858044787,0.40767297364497296,0.41206949870949805,0.4164660237740232,0.42086254883854823,0.4252590739030734,0.4296555989675985,0.43405212403212357,0.43844864909664866,0.44284517416117375,0.4472416992256989,0.45163822429022393,0.4560347493547491,0.4604312744192742,0.46482779948379926,0.46922432454832436,0.47362084961284945,0.4780173746773746,0.48241389974189963,0.4868104248064248,0.49120694987094987,0.49560347493547496,0.5,0.5043965250645251,0.5087930501290503,0.5131895751935753,0.5175861002581005,0.5219826253226255,0.5263791503871507,0.5307756754516757,0.5351722005162008,0.539568725580726,0.543965250645251,0.5483617757097762,0.5527583007743013,0.5571548258388264,0.5615513509033514,0.5659478759678765,0.5703444010324017,0.5747409260969267,0.5791374511614519,0.583533976225977,0.5879305012905021,0.5923270263550271,0.5967235514195522,0.6011200764840774,0.6055166015486024,0.6099131266131276,0.6143096516776527,0.6187061767421778,0.6231027018067028,0.6274992268712279,0.6318957519357531,0.6362922770002781,0.6406888020648033,0.6450853271293284,0.6494818521938535,0.6538783772583785,0.6582749023229036,0.6626714273874288,0.6670679524519538,0.671464477516479,0.6758610025810041,0.6802575276455292,0.6846540527100542,0.6890505777745793,0.6934471028391045,0.6978436279036295,0.7022401529681547,0.7066366780326798,0.7110332030972049,0.7154297281617299,0.719826253226255,0.04549047192151145,0.022745235960755724,0.0,0.0,0.022745235960755724,0.04549047192151145,0.022745235960755724,0.022745235960755724,0.06823570788226717,0.0,0.04549047192151145,0.0,0.06823570788226717,0.11372617980377861,0.15921665172529006,0.06823570788226717,0.11372617980377718,0.2047071236468041,0.13647141576453262,0.31843330345058013,0.409414247293603,0.45490471921511444,0.5458856630581373,0.5686308990188859,0.5686308990189003,0.8188284945871958,1.1827522699592976,0.9098094384302289,1.228242741880809,1.6831474610959234,1.8878545847427013,2.024326000507285,2.138052180311011,2.8204092591337098,3.1160973266235343,3.6847282256424276,4.253359124661321,4.662773371954865,4.571792428111958,5.73179946211037,5.731799462110442,6.027487529600267,6.43690177689387,6.186704181325557,6.5733731926583205,6.3459208330509265,8.029068294146668,7.756125462617701,7.687889754735434,8.21103018183292,8.211030181832712,7.6878897547353375,7.756125462617799,8.029068294146668,6.3459208330509265,6.5733731926583205,6.186704181325635,6.436901776893788,6.02748752960019,5.731799462110515,5.73179946211037,4.571792428111843,4.662773371954983,4.253359124661374,3.684728225642381,3.116097326623495,2.8204092591337453,2.138052180311011,2.0243260005072337,1.887854584742749,1.683147461095945,1.2282427418807935,0.9098094384302174,1.1827522699593127,0.8188284945871958,0.5686308990188859,0.5686308990189003,0.5458856630581443,0.4549047192151087,0.4094142472935979,0.3184333034505842,0.13647141576453262,0.20470712364679894,0.11372617980378007,0.06823570788226804,0.15921665172528807,0.11372617980377718,0.06823570788226804,0.0,0.04549047192151087,0.0,0.06823570788226804,0.022745235960755436,0.022745235960755436,0.045490471921512024,0.022745235960755436,0.0,0.0,0.022745235960756012,0.04549047192151087,0.5,0.0518635891631946
1.05,expected,0.025,False,False,100,100,normal,0.3,1.2,1.6,1.5,0.2,0.2869511874832504,0.2912121637335854,0.2954731399839204,0.29973411623425533,0.30399509248459033,0.30825606873492534,0.31251704498526034,0.31677802123559534,0.32103899748593034,0.3252999737362653,0.3295609499866003,0.3338219262369353,0.3380829024872703,0.3423438787376053,0.34660485498794025,0.35086583123827525,0.35512680748861025,0.35938778373894525,0.36364875998928026,0.3679097362396152,0.3721707124899502,0.3764316887402852,0.3806926649906202,0.3849536412409552,0.38921461749129016,0.39347559374162516,0.39773656999196016,0.40199754624229517,0.40625852249263017,0.4105194987429651,0.4147804749933002,0.4190414512436351,0.4233024274939701,0.4275634037443051,0.4318243799946401,0.43608535624497513,0.4403463324953101,0.4446073087456451,0.4488682849959801,0.45312926124631503,0.4573902374966501,0.46165121374698503,0.46591218999732004,0.47017316624765504,0.47443414249799004,0.47869511874832504,0.48295609499866,0.487217071248995,0.49147804749933,0.495739023749665,0.5,0.504260976250335,0.5085219525006699,0.512782928751005,0.51704390500134,0.521304881251675,0.5255658575020099,0.529826833752345,0.5340878100026799,0.538348786253015,0.5426097625033499,0.5468707387536849,0.5511317150040198,0.5553926912543549,0.5596536675046899,0.5639146437550249,0.5681756200053598,0.5724365962556948,0.5766975725060298,0.5809585487563649,0.5852195250066998,0.5894805012570348,0.5937414775073697,0.5980024537577048,0.6022634300080398,0.6065244062583748,0.6107853825087097,0.6150463587590448,0.6193073350093797,0.6235683112597148,0.6278292875100497,0.6320902637603847,0.6363512400107197,0.6406122162610547,0.6448731925113897,0.6491341687617247,0.6533951450120596,0.6576561212623947,0.6619170975127298,0.6661780737630647,0.6704390500133997,0.6747000262637346,0.6789610025140697,0.6832219787644047,0.6874829550147397,0.6917439312650746,0.6960049075154096,0.7002658837657446,0.7045268600160797,0.7087878362664146,0.7130488125167496,0.02346880013521265,0.0,0.046937600270425914,0.02346880013521265,0.0,0.02346880013521265,0.07040640040563795,0.02346880013521265,0.046937600270425914,0.02346880013521265,0.02346880013521265,0.02346880013521265,0.11734400067606325,0.2816256016225555,0.11734400067606325,0.2346880013521265,0.2346880013521265,0.2816256016225518,0.35203200202819435,0.2816256016225518,0.3755008021634024,0.5163136029746783,0.7744704044620174,0.6336576036507499,1.0560960060845692,1.220377607031058,1.5254720087888223,1.408128008112759,1.9244416110874627,1.9479104112226246,2.1121920121691664,2.6989120155494546,1.9713792113578628,3.121350417983323,3.4733824200114274,3.8958208224453514,4.130508823797427,4.24785282447349,5.069260829205999,5.39782403109884,5.515168031775045,6.125356835290503,6.7824832390764564,6.219232035831353,6.430451237048266,7.017171240428674,6.289638436236991,7.463078442997624,7.744704044620175,8.026329646242727,8.026329646242832,7.744704044620277,7.463078442997526,6.289638436236909,7.017171240428674,6.43045123704835,6.219232035831272,6.782483239076544,6.125356835290422,5.515168031775045,5.39782403109898,5.069260829205999,4.247852824473435,4.130508823797373,3.8958208224453514,3.4733824200115175,3.121350417983323,1.971379211357837,2.69891201554942,2.1121920121691664,1.9479104112226757,1.9244416110874627,1.4081280081127407,1.5254720087888025,1.2203776070310737,1.0560960060845832,0.6336576036507333,0.7744704044620275,0.5163136029746717,0.3755008021634073,0.2816256016225555,0.3520320020281852,0.2816256016225555,0.23468800135212345,0.23468800135212955,0.11734400067606478,0.2816256016225481,0.11734400067606172,0.023468800135212957,0.023468800135212957,0.023468800135212957,0.04693760027042469,0.023468800135212346,0.07040640040563888,0.023468800135212957,0.0,0.023468800135212346,0.04693760027042469,0.0,0.023468800135212957,0.5,0.0539429530517591
1.05,expected,0.025,False,False,100,100,normal,0.3,1.2,1.6,1.5,0.3,0.26786755424951036,0.2725102031645202,0.27715285207952994,0.28179550099453976,0.2864381499095495,0.29108079882455934,0.2957234477395691,0.3003660966545789,0.3050087455695887,0.3096513944845985,0.3142940433996083,0.3189366923146181,0.3235793412296279,0.32822199014463765,0.33286463905964747,0.33750728797465723,0.34214993688966705,0.34679258580467687,0.35143523471968663,0.35607788363469645,0.3607205325497062,0.365363181464716,0.3700058303797258,0.3746484792947356,0.3792911282097454,0.3839337771247552,0.38857642603976494,0.39321907495477476,0.3978617238697846,0.40250437278479434,0.40714702169980416,0.411789670614814,0.41643231952982374,0.4210749684448335,0.4257176173598433,0.43036026627485313,0.4350029151898629,0.4396455641048727,0.4442882130198825,0.4489308619348923,0.45357351084990205,0.45821615976491187,0.4628588086799217,0.46750145759493145,0.47214410650994126,0.4767867554249511,0.48142940433996084,0.4860720532549706,0.4907147021699804,0.49535735108499024,0.5,0.5046426489150098,0.5092852978300195,0.5139279467450294,0.5185705956600392,0.523213244575049,0.5278558934900588,0.5324985424050686,0.5371411913200783,0.5417838402350881,0.546426489150098,0.5510691380651077,0.5557117869801176,0.5603544358951273,0.5649970848101371,0.5696397337251469,0.5742823826401566,0.5789250315551665,0.5835676804701763,0.5882103293851861,0.5928529783001959,0.5974956272152057,0.6021382761302154,0.6067809250452252,0.6114235739602351,0.6160662228752448,0.6207088717902547,0.6253515207052645,0.6299941696202742,0.634636818535284,0.6392794674502937,0.6439221163653036,0.6485647652803134,0.6532074141953232,0.657850063110333,0.6624927120253428,0.6671353609403525,0.6717780098553623,0.6764206587703722,0.6810633076853819,0.6857059566003918,0.6903486055154016,0.6949912544304113,0.6996339033454211,0.7042765522604308,0.7089192011754406,0.7135618500904505,0.7182044990054604,0.7228471479204701,0.7274897968354799,0.7321324457504896,0.021539427561859593,0.0,0.0,0.0,0.0,0.0,0.0,0.0,0.06461828268557879,0.021539427561859593,0.06461828268557956,0.021539427561859593,0.04307885512371971,0.04307885512371919,0.12923656537115913,0.10769713780929796,0.12923656537115757,0.12923656537115913,0.3446308409897535,0.2800125583041781,0.3446308409897535,0.3661702685516175,0.4092491236753323,0.6031039717320686,0.6677222544176554,0.7754193922269548,0.9261953851599627,1.0985108056548394,1.46468107420647,1.6585359222631888,1.766233060072487,2.110863901062266,2.153942756185985,2.606270734985011,3.489387265021254,3.532466120145016,3.5970844028305526,4.135570091877042,4.6955952084854475,5.061765477037065,4.975607766789567,6.052579144882546,6.677222544176555,5.9018031519495295,5.9018031519495295,6.547985978805396,6.720301399300274,7.3018659434704025,6.871077392233211,7.883430487640705,7.883430487640705,6.871077392233293,7.301865943470315,6.720301399300274,6.547985978805239,5.9018031519496,5.9018031519496,6.677222544176555,6.0525791448826185,4.975607766789508,5.061765477037065,4.695595208485336,4.135570091877092,3.5970844028305953,3.532466120145016,3.4893872650212963,2.60627073498498,2.153942756185985,2.110863901062215,1.766233060072508,1.6585359222632088,1.46468107420647,1.0985108056548525,0.9261953851599516,0.7754193922269548,0.6677222544176394,0.6031039717320759,0.4092491236753372,0.3661702685516175,0.34463084098975766,0.2800125583041714,0.34463084098975766,0.12923656537115602,0.12923656537115913,0.10769713780929926,0.12923656537115913,0.04307885512371971,0.04307885512371867,0.021539427561859854,0.06461828268557801,0.021539427561859854,0.06461828268557956,0.0,0.0,0.0,0.0,0.0,0.0,0.0,0.021539427561859854,0.5,0.05494647386878061
1.05,expected,0.025,False,False,100,100,normal,0.3,1.2,1.6,1.5,0.4,0.26777774178370745,0.2724221869480333,0.27706663211235916,0.281711077276685,0.28635552244101087,0.2909999676053367,0.2956444127696626,0.3002888579339884,0.30493330309831423,0.3095777482626401,0.31422219342696595,0.31886663859129183,0.32351108375561766,0.32815552891994354,0.33279997408426937,0.33744441924859525,0.3420888644129211,0.3467333095772469,0.3513777547415728,0.3560221999058986,0.3606666450702245,0.36531109023455033,0.36995553539887616,0.37459998056320204,0.3792444257275279,0.38388887089185375,0.3885333160561796,0.39317776122050546,0.3978222063848313,0.4024666515491572,0.407111096713483,0.41175554187780883,0.4163999870421347,0.4210444322064606,0.4256888773707864,0.43033332253511225,0.43497776769943813,0.43962221286376396,0.44426665802808984,0.4489111031924157,0.4535555483567415,0.4581999935210674,0.46284443868539327,0.4674888838497191,0.4721333290140449,0.47677777417837075,0.48142221934269663,0.4860666645070225,0.49071110967134834,0.49535555483567417,0.5,0.5046444451643259,0.5092888903286518,0.5139333354929776,0.5185777806573035,0.5232222258216292,0.5278666709859552,0.532511116150281,0.5371555613146068,0.5418000064789328,0.5464444516432585,0.5510888968075844,0.5557333419719103,0.5603777871362361,0.565022232300562,0.5696666774648877,0.5743111226292137,0.5789555677935395,0.5836000129578653,0.5882444581221913,0.5928889032865171,0.5975333484508429,0.6021777936151689,0.6068222387794946,0.6114666839438205,0.6161111291081464,0.6207555742724722,0.6254000194367981,0.6300444646011238,0.6346889097654498,0.6393333549297756,0.6439778000941014,0.6486222452584274,0.6532666904227531,0.657911135587079,0.6625555807514049,0.6672000259157307,0.6718444710800566,0.6764889162443823,0.6811333614087083,0.6857778065730341,0.6904222517373599,0.6950666969016859,0.6997111420660117,0.7043555872303375,0.7090000323946635,0.7136444775589892,0.7182889227233151,0.722933367887641,0.7275778130519668,0.7322222582162926,0.021531097141183637,0.0,0.0,0.0,0.0,0.02153109714118338,0.0,0.0,0.02153109714118338,0.06459329142355091,0.04306219428236676,0.021531097141183637,0.0,0.043062194282367273,0.12918658284710027,0.12918658284710183,0.1722487771294691,0.17224877712946704,0.25837316569420365,0.3444975542589341,0.4306219428236727,0.49521523424722363,0.47368413710603435,0.6674640113766848,0.6889951085178764,1.0119615656356309,1.0980859542003523,1.356459119894569,1.4856457027416532,1.6363633827299566,2.0239231312712618,2.260765199824255,2.669856045506739,2.60526275408322,3.0789468911892603,3.5741621254364415,3.681817611142402,4.090908456824842,4.306219428236727,4.413874913942646,5.404305382437029,5.081338925319278,6.222487073802071,5.856458422401949,5.6626785481312965,6.416266948072647,7.148324250872883,7.342104125143621,7.643539485120192,7.385166319425988,7.385166319425812,7.643539485120192,7.342104125143621,7.148324250872797,6.416266948072877,5.6626785481311614,5.856458422401949,6.222487073802071,5.0813389253192165,5.404305382437222,4.41387491394254,4.306219428236727,4.090908456824891,3.681817611142314,3.5741621254365694,3.0789468911891866,2.60526275408322,2.669856045506771,2.260765199824228,2.0239231312712618,1.6363633827299566,1.4856457027416354,1.3564591198946017,1.0980859542003392,1.0119615656356309,0.6889951085178764,0.6674640113766768,0.47368413710605134,0.4952152342472118,0.4306219428236727,0.3444975542589382,0.2583731656941975,0.17224877712947323,0.17224877712946499,0.12918658284710183,0.12918658284710183,0.043062194282366247,0.0,0.021531097141183123,0.043062194282367273,0.06459329142355091,0.021531097141183123,0.0,0.0,0.021531097141183123,0.0,0.0,0.0,0.0,0.021531097141183637,0.5,0.05630982758553396
